2018600001 7296 7309
2018600001 9064 9077
2018600001 9679 9692
2018600001 12263 12276
2018600001 14588 14601
2018600001 16435 16448
2018600001 20474 20487
2018600001 25200 25213
2018600001 34324 34337
2018600001 42784 42797
2018600001 44615 44628
2018600001 56779 56792
2018600001 58092 58105
2018600001 60231 60244
2018600001 66878 66891
2018600001 69743 69756
2018600001 70658 70671
2018600001 80491 80504
2018600001 81596 81609
2018600001 81743 81756
2018600001 82739 82752
2018600001 93400 93413
2018600001 99943 99956
2018600001 107953 107966
2018600001 110402 110415
2018600001 119178 119191
2018600001 125173 125186
2018600001 126884 126897
2018600001 129532 129545
2018600001 130405 130418
2018600001 137439 137452
2018600001 147916 147929
2018600001 154412 154425
2018600001 157369 157382
2018600001 160315 160328
2018600001 161505 161518
2018600001 162991 163004
2018600001 166030 166043
2018600001 168479 168492
2018600001 170543 170556
2018600001 171656 171669
2018600001 176367 176380
2018600001 181782 181795
2018600001 186605 186618
2018600001 191416 191429
2018600001 192870 192883
2018600001 209451 209464
2018600001 211052 211065
2018600001 215672 215685
2018600001 216205 216218
2018600001 218185 218198
2018600001 218317 218330
2018600001 218802 218815
2018600001 222783 222796
2018600001 223634 223647
2018600001 227260 227273
2018600001 240122 240135
2018600001 245296 245309
2018600001 252605 252618
2018600001 256422 256435
2018600001 257975 257988
2018600001 261988 262001
2018600001 263415 263428
2018600001 267484 267497
2018600001 268089 268102
2018600001 273895 273908
2018600001 274754 274767
2018600001 279732 279745
2018600001 292195 292208
2018600001 299909 299922
2018600001 304698 304711
2018600001 306814 306827
2018600001 308218 308231
2018600001 314873 314886
2018600001 330681 330694
2018600001 341538 341551
2018600001 343939 343952
2018600001 344419 344432
2018600001 344815 344828
2018600001 347823 347836
2018600001 356483 356496
2018600001 358114 358127
2018600001 359667 359680
2018600001 372000 372013
2018600001 381990 382003
2018600001 388798 388811
2018600001 414107 414120
2018600001 417596 417609
2018600001 430281 430294
2018600001 430779 430792
2018600001 434181 434194
2018600001 439779 439792
2018600001 440871 440884
2018600001 445984 445997
2018600001 449251 449264
2018600001 453648 453661
2018600001 454055 454068
2018600001 454544 454557
2018600001 455816 455829
2018600001 465861 465874
2018600001 466037 466050
2018600001 466212 466225
2018600001 466908 466921
2018600001 471192 471205
2018600001 473156 473169
2018600001 477407 477420
2018600001 478091 478104
2018600001 478093 478106
2018600001 484788 484801
2018600001 487193 487206
2018600001 489075 489088
2018600001 491030 491043
2018600001 491766 491779
2018600001 492744 492757
2018600001 493760 493773
2018600001 494060 494073
2018600001 495230 495243
2018600001 497114 497127
2018600001 498765 498778
2018600001 499172 499185
2018600001 500609 500622
2018600001 504367 504380
2018600001 505834 505847
2018600001 506883 506896
2018600001 508472 508485
2018600001 512861 512874
2018600001 513898 513911
2018600001 517849 517862
2018600001 519186 519199
2018600001 520818 520831
2018600001 524466 524479
2018600001 526088 526101
2018600001 527693 527706
2018600001 532802 532815
2018600001 534778 534791
2018600001 536998 537011
2018600001 543812 543825
2018600001 544911 544924
2018600001 545107 545120
2018600001 546648 546661
2018600001 552134 552147
2018600001 561183 561196
2018600001 564131 564144
2018600001 564358 564371
2018600001 571153 571166
2018600001 573701 573714
2018600001 591169 591182
2018600001 592886 592899
2018600001 593414 593427
2018600001 594831 594844
2018600001 611696 611709
2018600001 613613 613626
2018600001 615510 615523
2018600001 618039 618052
2018600001 623033 623046
2018600001 623190 623203
2018600001 623604 623617
2018600001 635135 635148
2018600001 647522 647535
2018600001 647639 647652
2018600001 650286 650299
2018600001 653656 653669
2018600001 666562 666575
2018600001 667113 667126
2018600001 671853 671866
2018600001 676657 676670
2018600001 677139 677152
2018600001 677355 677368
2018600001 678381 678394
2018600001 678519 678532
2018600001 678621 678634
2018600001 682142 682155
2018600001 684289 684302
2018600001 685003 685016
2018600001 686111 686124
2018600001 690743 690756
2018600001 695735 695748
2018600001 695982 695995
2018600001 697767 697780
2018600001 698896 698909
2018600001 703843 703856
2018600001 704725 704738
2018600001 704872 704885
2018600001 718617 718630
2018600001 722937 722950
2018600001 723865 723878
2018600001 728200 728213
2018600001 736696 736709
2018600001 739046 739059
2018600001 747513 747526
2018600001 748458 748471
2018600001 750737 750750
2018600001 752191 752204
2018600001 759423 759436
2018600001 761104 761117
2018600001 765607 765620
2018600001 767503 767516
2018600001 769062 769075
2018600001 769970 769983
2018600001 774373 774386
2018600001 783425 783438
2018600001 783955 783968
2018600001 788225 788238
2018600001 795051 795064
2018600001 795245 795258
2018600001 795833 795846
2018600001 796303 796316
2018600001 799353 799366
2018600001 803011 803024
2018600001 804237 804250
2018600001 807874 807887
2018600001 808613 808626
2018600001 810939 810952
2018600001 814973 814986
2018600001 822760 822773
2018600001 824860 824873
2018600001 826189 826202
2018600001 828596 828609
2018600001 830579 830592
2018600001 838919 838932
2018600001 840192 840205
2018600001 841979 841992
2018600001 846787 846800
2018600001 847245 847258
2018600001 851065 851078
2018600001 855921 855934
2018600001 856659 856672
2018600001 857393 857406
2018600001 858975 858988
2018600001 860210 860223
2018600001 865501 865514
2018600001 869797 869810
2018600001 873520 873533
2018600001 878214 878227
2018600001 878905 878918
2018600001 881833 881846
2018600001 881900 881913
2018600001 886911 886924
2018600001 889994 890007
2018600001 891315 891328
2018600001 898782 898795
2018600001 901906 901919
2018600001 904724 904737
2018600001 905256 905269
2018600001 908011 908024
2018600001 909983 909996
2018600001 916518 916531
2018600001 923845 923858
2018600001 924412 924425
2018600001 927644 927657
2018600001 927824 927837
2018600001 930416 930429
2018600001 930623 930636
2018600001 931027 931040
2018600001 931341 931354
2018600001 933216 933229
2018600001 937695 937708
2018600001 938389 938402
2018600001 939812 939825
2018600001 940755 940768
2018600001 941310 941323
2018600001 943254 943267
2018600001 944002 944015
2018600001 944954 944967
2018600001 947504 947517
2018600001 952038 952051
2018600001 955079 955092
2018600001 957582 957595
2018600001 963090 963103
2018600001 970286 970299
2018600001 978107 978120
2018600001 979596 979609
2018600001 981931 981944
2018600001 982399 982412
2018600001 982401 982414
2018600001 984168 984181
2018600001 986117 986130
2018600001 998993 999006
2018600001 1001061 1001074
2018600001 1002408 1002421
2018600001 1009052 1009065
2018600001 1009123 1009136
2018600001 1013153 1013166
2018600001 1024001 1024014
2018600001 1025719 1025732
2018600001 1026063 1026076
2018600001 1035906 1035919
2018600001 1045433 1045446
2018600001 1046152 1046165
2018600001 1051954 1051967
2018600001 1053519 1053532
2018600001 1061207 1061220
2018600001 1063740 1063753
2018600001 1067745 1067758
2018600001 1069151 1069164
2018600001 1070692 1070705
2018600001 1072347 1072360
2018600001 1073228 1073241
2018600001 1073418 1073431
2018600001 1076557 1076570
2018600001 1083641 1083654
2018600001 1084488 1084501
2018600001 1086998 1087011
2018600001 1090174 1090187
2018600001 1092455 1092468
2018600001 1094482 1094495
2018600001 1094959 1094972
2018600001 1097247 1097260
2018600001 1105339 1105352
2018600001 1113938 1113951
2018600001 1115416 1115429
2018600001 1115498 1115511
2018600001 1122454 1122467
2018600001 1125699 1125712
2018600001 1126455 1126468
2018600001 1128154 1128167
2018600001 1128709 1128722
2018600001 1131009 1131022
2018600001 1132282 1132295
2018600001 1137645 1137658
2018600001 1140936 1140949
2018600001 1142343 1142356
2018600001 1143677 1143690
2018600001 1153605 1153618
2018600001 1156211 1156224
2018600001 1163717 1163730
2018600001 1172483 1172496
2018600001 1178335 1178348
2018600001 1187966 1187979
2018600001 1188158 1188171
2018600001 1190225 1190238
2018600001 1190529 1190542
2018600001 1200849 1200862
2018600001 1209075 1209088
2018600001 1211172 1211185
2018600001 1216975 1216988
2018600001 1220141 1220154
2018600001 1222753 1222766
2018600001 1227203 1227216
2018600001 1227938 1227951
2018600001 1228088 1228101
2018600001 1228190 1228203
2018600001 1231806 1231819
2018600001 1250211 1250224
2018600001 1261831 1261844
2018600001 1265527 1265540
2018600001 1272919 1272932
2018600001 1277743 1277756
2018600001 1278270 1278283
2018600001 1278373 1278386
2018600001 1280155 1280168
2018600001 1287852 1287865
2018600001 1292063 1292076
2018600001 1295846 1295859
2018600001 1299587 1299600
2018600001 1303254 1303267
2018600001 1310269 1310282
2018600001 1318241 1318254
2018600001 1319224 1319237
2018600001 1321439 1321452
2018600001 1324324 1324337
2018600001 1327772 1327785
2018600001 1331877 1331890
2018600001 1344407 1344420
2018600001 1346243 1346256
2018600001 1351060 1351073
2018600001 1351456 1351469
2018600001 1359839 1359852
2018600001 1367560 1367573
2018600001 1373953 1373966
2018600001 1375446 1375459
2018600001 1379530 1379543
2018600001 1381751 1381764
2018600001 1394252 1394265
2018600001 1403159 1403172
2018600001 1409579 1409592
2018600001 1409846 1409859
2018600001 1415487 1415500
2018600001 1415675 1415688
2018600001 1415886 1415899
2018600001 1419249 1419262
2018600001 1420264 1420277
2018600001 1420827 1420840
2018600001 1423403 1423416
2018600001 1426690 1426703
2018600001 1429905 1429918
2018600001 1432326 1432339
2018600001 1438623 1438636
2018600001 1440087 1440100
2018600001 1453000 1453013
2018600001 1455525 1455538
2018600001 1456707 1456720
2018600001 1465202 1465215
2018600001 1467404 1467417
2018600001 1467874 1467887
2018600001 1468393 1468406
2018600001 1485295 1485308
2018600001 1487815 1487828
2018600001 1491001 1491014
2018600001 1493952 1493965
2018600001 1499333 1499346
2018600001 1500227 1500240
2018600001 1511969 1511982
2018600001 1516140 1516153
2018600001 1518231 1518244
2018600001 1522513 1522526
2018600001 1525984 1525997
2018600001 1535617 1535630
2018600001 1536257 1536270
2018600001 1537017 1537030
2018600001 1545473 1545486
2018600001 1550894 1550907
2018600001 1553468 1553481
2018600001 1556857 1556870
2018600001 1559694 1559707
2018600001 1559852 1559865
2018600001 1564039 1564052
2018600001 1564363 1564376
2018600001 1568114 1568127
2018600001 1568438 1568451
2018600001 1570146 1570159
2018600001 1571960 1571973
2018600001 1576751 1576764
2018600001 1580840 1580853
2018600001 1582555 1582568
2018600001 1592876 1592889
2018600001 1594819 1594832
2018600001 1595031 1595044
2018600001 1595033 1595046
2018600001 1597382 1597395
2018600001 1601307 1601320
2018600001 1601325 1601338
2018600001 1607925 1607938
2018600001 1613501 1613514
2018600001 1618357 1618370
2018600001 1619158 1619171
2018600001 1619201 1619214
2018600001 1626935 1626948
2018600001 1630441 1630454
2018600001 1634316 1634329
2018600001 1639216 1639229
2018600001 1639423 1639436
2018600001 1645367 1645380
2018600001 1646216 1646229
2018600001 1653463 1653476
2018600001 1654082 1654095
2018600001 1671691 1671704
2018600001 1674199 1674212
2018600001 1674345 1674358
2018600001 1680395 1680408
2018600001 1684031 1684044
2018600001 1684085 1684098
2018600001 1684206 1684219
2018600001 1689498 1689511
2018600001 1693313 1693326
2018600001 1699453 1699466
2018600001 1700977 1700990
2018600001 1705608 1705621
2018600001 1707123 1707136
2018600001 1709702 1709715
2018600001 1709931 1709944
2018600001 1711742 1711755
2018600001 1711901 1711914
2018600001 1717068 1717081
2018600001 1718268 1718281
2018600001 1719593 1719606
2018600001 1721468 1721481
2018600001 1722268 1722281
2018600001 1729646 1729659
2018600001 1737984 1737997
2018600001 1748687 1748700
2018600001 1749156 1749169
2018600001 1752974 1752987
2018600001 1758775 1758788
2018600001 1762366 1762379
2018600001 1769504 1769517
2018600001 1772075 1772088
2018600001 1778214 1778227
2018600001 1782677 1782690
2018600001 1790810 1790823
2018600001 1792572 1792585
2018600001 1794334 1794347
2018600001 1794439 1794452
2018600001 1795787 1795800
2018600001 1798089 1798102
2018600001 1806068 1806081
2018600001 1806116 1806129
2018600001 1807733 1807746
2018600001 1813171 1813184
2018600001 1813696 1813709
2018600001 1816973 1816986
2018600001 1823399 1823412
2018600001 1823906 1823919
2018600001 1826339 1826352
2018600001 1829227 1829240
2018600001 1829309 1829322
2018600001 1834833 1834846
2018600001 1835935 1835948
2018600001 1837859 1837872
2018600001 1841713 1841726
2018600001 1842117 1842130
2018600001 1843608 1843621
2018600001 1847593 1847606
2018600001 1849567 1849580
2018600001 1850224 1850237
2018600001 1852417 1852430
2018600001 1853004 1853017
2018600001 1858501 1858514
2018600001 1862602 1862615
2018600001 1865874 1865887
2018600001 1867526 1867539
2018600001 1873255 1873268
2018600001 1880823 1880836
2018600001 1885501 1885514
2018600001 1899670 1899683
2018600001 1901631 1901644
2018600001 1903381 1903394
2018600001 1903387 1903400
2018600001 1905612 1905625
2018600001 1917900 1917913
2018600001 1920011 1920024
2018600001 1921905 1921918
2018600001 1923295 1923308
2018600001 1927881 1927894
2018600001 1931409 1931422
2018600001 1934319 1934332
2018600001 1934643 1934656
2018600001 1940848 1940861
2018600001 1943170 1943183
2018600001 1950752 1950765
2018600001 1956678 1956691
2018600001 1958990 1959003
2018600001 1959425 1959438
2018600001 1964142 1964155
2018600001 1969505 1969518
2018600001 1973142 1973155
2018600001 1975189 1975202
2018600001 1980643 1980656
2018600001 1981982 1981995
2018600001 1984238 1984251
2018600001 1987606 1987619
2018600001 1988038 1988051
2018600001 1992260 1992273
2018600001 1996078 1996091
2018600001 2003910 2003923
2018600001 2005801 2005814
2018600001 2010484 2010497
2018600001 2024086 2024099
2018600001 2025730 2025743
2018600001 2029096 2029109
2018600001 2032479 2032492
2018600001 2036814 2036827
2018600001 2037276 2037289
2018600001 2040155 2040168
2018600001 2040327 2040340
2018600001 2046033 2046046
2018600001 2046221 2046234
2018600001 2049267 2049280
2018600001 2053528 2053541
2018600001 2060473 2060486
2018600001 2060827 2060840
2018600001 2068443 2068456
2018600001 2079995 2080008
2018600001 2086841 2086854
2018600001 2094352 2094365
2018600001 2097003 2097016
2018600001 2100310 2100323
2018600001 2105942 2105955
2018600001 2115300 2115313
2018600001 2119972 2119985
2018600001 2125764 2125777
2018600001 2136558 2136571
2018600001 2136850 2136863
2018600001 2144844 2144857
2018600001 2149877 2149890
2018600001 2150954 2150967
2018600001 2165630 2165643
2018600001 2166406 2166419
2018600001 2168172 2168185
2018600001 2169663 2169676
2018600001 2172402 2172415
2018600001 2175770 2175783
2018600001 2175851 2175864
2018600001 2177244 2177257
2018600001 2177348 2177361
2018600001 2178633 2178646
2018600001 2179727 2179740
2018600001 2184306 2184319
2018600001 2188294 2188307
2018600001 2191001 2191014
2018600001 2193347 2193360
2018600001 2206436 2206449
2018600001 2206637 2206650
2018600001 2207487 2207500
2018600001 2208175 2208188
2018600001 2208549 2208562
2018600001 2209095 2209108
2018600001 2209795 2209808
2018600001 2227603 2227616
2018600001 2228436 2228449
2018600001 2229502 2229515
2018600001 2231251 2231264
2018600001 2233686 2233699
2018600001 2235656 2235669
2018600001 2236175 2236188
2018600001 2240002 2240015
2018600001 2241454 2241467
2018600001 2242075 2242088
2018600001 2246309 2246322
2018600001 2259795 2259808
2018600001 2263989 2264002
2018600001 2264169 2264182
2018600001 2269785 2269798
2018600001 2271779 2271792
2018600001 2271902 2271915
2018600001 2282302 2282315
2018600001 2284468 2284481
2018600001 2288636 2288649
2018600001 2297456 2297469
2018600001 2298518 2298531
2018600001 2304384 2304397
2018600001 2305743 2305756
2018600001 2306601 2306614
2018600001 2307751 2307764
2018600001 2315616 2315629
2018600001 2324242 2324255
2018600001 2327155 2327168
2018600001 2328953 2328966
2018600001 2334237 2334250
2018600001 2337542 2337555
2018600001 2339521 2339534
2018600001 2340785 2340798
2018600001 2340789 2340802
2018600001 2341227 2341240
2018600001 2342925 2342938
2018600001 2346160 2346173
2018600001 2349051 2349064
2018600001 2352229 2352242
2018600001 2355823 2355836
2018600001 2358851 2358864
2018600001 2361468 2361481
2018600001 2361672 2361685
2018600001 2363643 2363656
2018600001 2364868 2364881
2018600001 2365277 2365290
2018600001 2368331 2368344
2018600001 2369563 2369576
2018600001 2369697 2369710
2018600001 2373955 2373968
2018600001 2377609 2377622
2018600001 2378795 2378808
2018600001 2379375 2379388
2018600001 2379638 2379651
2018600001 2380953 2380966
2018600001 2385884 2385897
2018600001 2386737 2386750
2018600001 2390842 2390855
2018600001 2391034 2391047
2018600001 2391160 2391173
2018600001 2400281 2400294
2018600001 2402974 2402987
2018600001 2407131 2407144
2018600001 2408729 2408742
2018600001 2409973 2409986
2018600001 2410858 2410871
2018600001 2419726 2419739
2018600001 2421115 2421128
2018600001 2423327 2423340
2018600001 2424871 2424884
2018600001 2425626 2425639
2018600001 2427759 2427772
2018600001 2433776 2433789
2018600001 2440625 2440638
2018600001 2445972 2445985
2018600001 2446222 2446235
2018600001 2455601 2455614
2018600001 2455779 2455792
2018600001 2462681 2462694
2018600001 2467673 2467686
2018600001 2473766 2473779
2018600001 2475384 2475397
2018600001 2476368 2476381
2018600001 2478188 2478201
2018600001 2492230 2492243
2018600001 2492929 2492942
2018600001 2495757 2495770
2018600001 2508306 2508319
2018600001 2509494 2509507
2018600001 2511972 2511985
2018600001 2512663 2512676
2018600001 2515714 2515727
2018600001 2516816 2516829
2018600001 2518341 2518354
2018600001 2525128 2525141
2018600001 2525482 2525495
2018600001 2543978 2543991
2018600001 2546842 2546855
2018600001 2554539 2554552
2018600001 2556438 2556451
2018600001 2562069 2562082
2018600001 2565673 2565686
2018600001 2567059 2567072
2018600001 2567411 2567424
2018600001 2569372 2569385
2018600001 2572676 2572689
2018600001 2576140 2576153
2018600001 2577814 2577827
2018600001 2582107 2582120
2018600001 2595524 2595537
2018600001 2597653 2597666
2018600001 2601045 2601058
2018600001 2606734 2606747
2018600001 2608892 2608905
2018600001 2612157 2612170
2018600001 2617566 2617579
2018600001 2623501 2623514
2018600001 2629709 2629722
2018600001 2631257 2631270
2018600001 2632764 2632777
2018600001 2633405 2633418
2018600001 2635626 2635639
2018600001 2641239 2641252
2018600001 2642204 2642217
2018600001 2642412 2642425
2018600001 2644355 2644368
2018600001 2651756 2651769
2018600001 2653108 2653121
2018600001 2655164 2655177
2018600001 2658492 2658505
2018600001 2658535 2658548
2018600001 2660643 2660656
2018600001 2668120 2668133
2018600001 2670225 2670238
2018600001 2677286 2677299
2018600001 2689842 2689855
2018600001 2700619 2700632
2018600001 2701864 2701877
2018600001 2709939 2709952
2018600001 2712967 2712980
2018600001 2714520 2714533
2018600001 2716646 2716659
2018600001 2716725 2716738
2018600001 2725712 2725725
2018600001 2727331 2727344
2018600001 2739447 2739460
2018600001 2745504 2745517
2018600001 2746939 2746952
2018600001 2749225 2749238
2018600001 2749852 2749865
2018600001 2758773 2758786
2018600001 2759348 2759361
2018600001 2764131 2764144
2018600001 2764689 2764702
2018600001 2765259 2765272
2018600001 2765826 2765839
2018600001 2766690 2766703
2018600001 2767218 2767231
2018600001 2769997 2770010
2018600001 2770049 2770062
2018600001 2770069 2770082
2018600001 2774549 2774562
2018600001 2779675 2779688
2018600001 2783671 2783684
2018600001 2785422 2785435
2018600001 2787975 2787988
2018600001 2789436 2789449
2018600001 2790969 2790982
2018600001 2792355 2792368
2018600001 2793171 2793184
2018600001 2793414 2793427
2018600001 2793764 2793777
2018600001 2797276 2797289
2018600001 2801144 2801157
2018600001 2805557 2805570
2018600001 2807617 2807630
2018600001 2811258 2811271
2018600001 2811277 2811290
2018600001 2813562 2813575
2018600001 2815388 2815401
2018600001 2821139 2821152
2018600001 2823175 2823188
2018600001 2834375 2834388
2018600001 2838328 2838341
2018600001 2840314 2840327
2018600001 2848154 2848167
2018600001 2852270 2852283
2018600001 2852540 2852553
2018600001 2856105 2856118
2018600001 2857696 2857709
2018600001 2858351 2858364
2018600001 2862262 2862275
2018600001 2863259 2863272
2018600001 2865922 2865935
2018600001 2870572 2870585
2018600001 2871137 2871150
2018600001 2876012 2876025
2018600001 2876946 2876959
2018600001 2878421 2878434
2018600001 2879581 2879594
2018600001 2879688 2879701
2018600001 2880406 2880419
2018600001 2881456 2881469
2018600001 2883068 2883081
2018600001 2885508 2885521
2018600001 2891582 2891595
2018600001 2895930 2895943
2018600001 2896275 2896288
2018600001 2902538 2902551
2018600001 2909092 2909105
2018600001 2912636 2912649
2018600001 2914470 2914483
2018600001 2919649 2919662
2018600001 2919927 2919940
2018600001 2925542 2925555
2018600001 2930250 2930263
2018600001 2942797 2942810
2018600001 2946628 2946641
2018600001 2953063 2953076
2018600001 2955114 2955127
2018600001 2956674 2956687
2018600001 2960214 2960227
2018600001 2960758 2960771
2018600001 2977808 2977821
2018600001 2979674 2979687
2018600001 2983394 2983407
2018600001 2985152 2985165
2018600001 2994637 2994650
2018600001 2994788 2994801
2018600001 2995266 2995279
2018600001 2997738 2997751
2018600001 3003393 3003406
2018600001 3005482 3005495
2018600001 3008533 3008546
2018600001 3013159 3013172
2018600001 3018024 3018037
2018600001 3018198 3018211
2018600001 3020667 3020680
2018600001 3020693 3020706
2018600001 3027349 3027362
2018600001 3030325 3030338
2018600001 3032033 3032046
2018600001 3033117 3033130
2018600001 3033349 3033362
2018600001 3040741 3040754
2018600001 3043823 3043836
2018600001 3047730 3047743
2018600002 711 724
2018600002 11105 11118
2018600002 14598 14611
2018600002 14878 14891
2018600002 20398 20411
2018600002 21379 21392
2018600002 24593 24606
2018600002 32105 32118
2018600002 35977 35990
2018600002 36438 36451
2018600002 39242 39255
2018600002 39690 39703
2018600002 39949 39962
2018600002 50040 50053
2018600002 51154 51167
2018600002 60784 60797
2018600002 61751 61764
2018600002 70639 70652
2018600002 70657 70670
2018600002 78293 78306
2018600002 79430 79443
2018600002 89835 89848
2018600002 93234 93247
2018600002 93423 93436
2018600002 93884 93897
2018600002 95851 95864
2018600002 97028 97041
2018600002 98326 98339
2018600002 100481 100494
2018600002 101984 101997
2018600002 107342 107355
2018600002 108645 108658
2018600002 114872 114885
2018600002 123541 123554
2018600002 126252 126265
2018600002 133751 133764
2018600002 135134 135147
2018600002 137760 137773
2018600002 147781 147794
2018600002 152231 152244
2018600002 154447 154460
2018600002 166175 166188
2018600002 168112 168125
2018600002 169697 169710
2018600002 170396 170409
2018600002 173680 173693
2018600002 185718 185731
2018600002 186659 186672
2018600002 199315 199328
2018600002 210537 210550
2018600002 219566 219579
2018600002 219894 219907
2018600002 223386 223399
2018600002 226898 226911
2018600002 230363 230376
2018600002 231324 231337
2018600002 235032 235045
2018600002 239911 239924
2018600002 245182 245195
2018600002 249302 249315
2018600002 249922 249935
2018600002 250936 250949
2018600002 252574 252587
2018600002 258300 258313
2018600002 261335 261348
2018600002 263889 263902
2018600002 267996 268009
2018600002 269015 269028
2018600002 274250 274263
2018600002 288170 288183
2018600002 290548 290561
2018600002 295904 295917
2018600002 307002 307015
2018600002 311030 311043
2018600002 319908 319921
2018600002 328163 328176
2018600002 331370 331383
2018600002 336186 336199
2018600002 340798 340811
2018600002 341011 341024
2018600002 346027 346040
2018600002 346280 346293
2018600002 349621 349634
2018600002 349898 349911
2018600002 353256 353269
2018600002 357263 357276
2018600002 359424 359437
2018600002 366683 366696
2018600002 367890 367903
2018600002 373259 373272
2018600002 373668 373681
2018600002 383846 383859
2018600002 385210 385223
2018600002 386534 386547
2018600002 390646 390659
2018600002 391276 391289
2018600002 395076 395089
2018600002 397791 397804
2018600002 399359 399372
2018600002 400542 400555
2018600002 401158 401171
2018600002 404994 405007
2018600002 405962 405975
2018600002 408633 408646
2018600002 410412 410425
2018600002 413160 413173
2018600002 417576 417589
2018600002 423283 423296
2018600002 424526 424539
2018600002 430375 430388
2018600002 430592 430605
2018600002 433719 433732
2018600002 434697 434710
2018600002 435818 435831
2018600002 435881 435894
2018600002 443316 443329
2018600002 447055 447068
2018600002 447087 447100
2018600002 454903 454916
2018600002 455697 455710
2018600002 456573 456586
2018600002 457084 457097
2018600002 463775 463788
2018600002 469608 469621
2018600002 469958 469971
2018600002 470497 470510
2018600002 476347 476360
2018600002 478125 478138
2018600002 479421 479434
2018600002 480342 480355
2018600002 485911 485924
2018600002 487236 487249
2018600002 489451 489464
2018600002 504740 504753
2018600002 505152 505165
2018600002 512441 512454
2018600002 517207 517220
2018600002 517367 517380
2018600002 520923 520936
2018600002 526699 526712
2018600002 530011 530024
2018600002 532172 532185
2018600002 532827 532840
2018600002 533540 533553
2018600002 534663 534676
2018600002 536952 536965
2018600002 548164 548177
2018600002 554261 554274
2018600002 556162 556175
2018600002 556937 556950
2018600002 560441 560454
2018600002 566077 566090
2018600002 566813 566826
2018600002 570151 570164
2018600002 582252 582265
2018600002 597821 597834
2018600002 602093 602106
2018600002 617417 617430
2018600002 631349 631362
2018600002 632234 632247
2018600002 632974 632987
2018600002 635173 635186
2018600002 640518 640531
2018600002 650788 650801
2018600002 651331 651344
2018600002 651820 651833
2018600002 653579 653592
2018600002 659233 659246
2018600002 660267 660280
2018600002 661334 661347
2018600002 662715 662728
2018600002 666619 666632
2018600002 672756 672769
2018600002 675103 675116
2018600002 677158 677171
2018600002 680092 680105
2018600002 684890 684903
2018600002 687265 687278
2018600002 694470 694483
2018600002 697784 697797
2018600002 700851 700864
2018600002 706383 706396
2018600002 710956 710969
2018600002 718592 718605
2018600002 719064 719077
2018600002 723956 723969
2018600002 724012 724025
2018600002 725852 725865
2018600002 727253 727266
2018600002 730423 730436
2018600002 731892 731905
2018600002 735720 735733
2018600002 739272 739285
2018600002 748736 748749
2018600002 752164 752177
2018600002 757521 757534
2018600002 758440 758453
2018600002 759136 759149
2018600002 761821 761834
2018600002 762927 762940
2018600002 764556 764569
2018600002 768155 768168
2018600002 772134 772147
2018600002 781889 781902
2018600002 784995 785008
2018600002 790673 790686
2018600002 794774 794787
2018600002 795083 795096
2018600002 801586 801599
2018600002 801951 801964
2018600002 804211 804224
2018600002 808249 808262
2018600002 810366 810379
2018600002 819190 819203
2018600002 824580 824593
2018600002 836055 836068
2018600002 836523 836536
2018600002 838669 838682
2018600002 841411 841424
2018600002 863782 863795
2018600002 873341 873354
2018600002 875323 875336
2018600002 876494 876507
2018600002 877013 877026
2018600002 893710 893723
2018600002 894641 894654
2018600002 903956 903969
2018600002 905876 905889
2018600002 919021 919034
2018600002 924088 924101
2018600002 936481 936494
2018600002 938481 938494
2018600002 947344 947357
2018600002 949368 949381
2018600002 950697 950710
2018600002 951774 951787
2018600002 956293 956306
2018600002 961193 961206
2018600002 967885 967898
2018600002 974255 974268
2018600002 977638 977651
2018600002 985983 985996
2018600002 990657 990670
2018600002 993737 993750
2018600002 1001129 1001142
2018600002 1003135 1003148
2018600002 1004007 1004020
2018600002 1005115 1005128
2018600002 1005315 1005328
2018600002 1007020 1007033
2018600002 1007860 1007873
2018600002 1010646 1010659
2018600002 1012776 1012789
2018600002 1014172 1014185
2018600002 1020702 1020715
2018600002 1022314 1022327
2018600002 1028086 1028099
2018600002 1029433 1029446
2018600002 1033538 1033551
2018600002 1037691 1037704
2018600002 1040067 1040080
2018600002 1043463 1043476
2018600002 1044515 1044528
2018600002 1049018 1049031
2018600002 1050284 1050297
2018600002 1054632 1054645
2018600002 1055239 1055252
2018600002 1057333 1057346
2018600002 1058915 1058928
2018600002 1073461 1073474
2018600002 1073953 1073966
2018600002 1084791 1084804
2018600002 1084940 1084953
2018600002 1092753 1092766
2018600002 1092995 1093008
2018600002 1098014 1098027
2018600002 1101956 1101969
2018600002 1102547 1102560
2018600002 1104411 1104424
2018600002 1106257 1106270
2018600002 1110017 1110030
2018600002 1112133 1112146
2018600002 1118488 1118501
