2018600001 502 507
2018600001 7481 7486
2018600001 8360 8365
2018600001 11253 11258
2018600001 13263 13268
2018600001 14782 14787
2018600001 15382 15387
2018600001 15732 15737
2018600001 22465 22470
2018600001 26126 26131
2018600001 31876 31881
2018600001 33963 33968
2018600001 35574 35579
2018600001 39693 39698
2018600001 40284 40289
2018600001 40629 40634
2018600001 40685 40690
2018600001 40757 40762
2018600001 41371 41376
2018600001 42289 42294
2018600001 42562 42567
2018600001 42882 42887
2018600001 45333 45338
2018600001 45461 45466
2018600001 45680 45685
2018600001 47671 47676
2018600001 55941 55946
2018600001 56772 56777
2018600001 57312 57317
2018600001 61870 61875
2018600001 61927 61932
2018600001 67158 67163
2018600001 68468 68473
2018600001 68686 68691
2018600001 71246 71251
2018600001 71353 71358
2018600001 72423 72428
2018600001 73520 73525
2018600001 74680 74685
2018600001 79493 79498
2018600001 79790 79795
2018600001 80156 80161
2018600001 82241 82246
2018600001 82774 82779
2018600001 86422 86427
2018600001 87316 87321
2018600001 88198 88203
2018600001 88479 88484
2018600001 89058 89063
2018600001 89320 89325
2018600001 94187 94192
2018600001 94596 94601
2018600001 94608 94613
2018600001 94911 94916
2018600001 96653 96658
2018600001 98499 98504
2018600001 103968 103973
2018600001 104004 104009
2018600001 104281 104286
2018600001 106530 106535
2018600001 107793 107798
2018600001 109422 109427
2018600001 113142 113147
2018600001 115904 115909
2018600001 117260 117265
2018600001 120070 120075
2018600001 121714 121719
2018600001 124116 124121
2018600001 124335 124340
2018600001 124463 124468
2018600001 126794 126799
2018600001 127114 127119
2018600001 127387 127392
2018600001 128305 128310
2018600001 128919 128924
2018600001 128991 128996
2018600001 129047 129052
2018600001 129392 129397
2018600001 129744 129749
2018600001 139982 139987
2018600001 147941 147946
2018600001 149523 149528
2018600001 149837 149842
2018600001 150864 150869
2018600001 155020 155025
2018600001 163204 163209
2018600001 163498 163503
2018600001 166179 166184
2018600001 168076 168081
2018600001 190359 190364
2018600001 190578 190583
2018600001 190706 190711
2018600001 192780 192785
2018600001 193100 193105
2018600001 193373 193378
2018600001 194291 194296
2018600001 194905 194910
2018600001 194977 194982
2018600001 195033 195038
2018600001 195378 195383
2018600001 201141 201146
2018600001 201934 201939
2018600001 205415 205420
2018600001 206225 206230
2018600001 206744 206749
2018600001 209473 209478
2018600001 215489 215494
2018600001 215707 215712
2018600001 221360 221365
2018600001 226979 226984
2018600001 227142 227147
2018600001 227918 227923
2018600001 231628 231633
2018600001 232733 232738
2018600001 235200 235205
2018600001 236967 236972
2018600001 237046 237051
2018600001 238390 238395
2018600001 238424 238429
2018600001 247677 247682
2018600001 249128 249133
2018600001 249775 249780
2018600001 252122 252127
2018600001 252839 252844
2018600001 253252 253257
2018600001 255365 255370
2018600001 255584 255589
2018600001 255712 255717
2018600001 257885 257890
2018600001 258205 258210
2018600001 258478 258483
2018600001 259396 259401
2018600001 260010 260015
2018600001 260082 260087
2018600001 260138 260143
2018600001 260483 260488
2018600001 260931 260936
2018600001 261150 261155
2018600001 261278 261283
2018600001 263325 263330
2018600001 263645 263650
2018600001 263918 263923
2018600001 264836 264841
2018600001 265450 265455
2018600001 265522 265527
2018600001 265578 265583
2018600001 265923 265928
2018600001 268841 268846
2018600001 270039 270044
2018600001 270142 270147
2018600001 271198 271203
2018600001 271780 271785
2018600001 274159 274164
2018600001 274496 274501
2018600001 275250 275255
2018600001 276078 276083
2018600001 278040 278045
2018600001 278555 278560
2018600001 278610 278615
2018600001 278706 278711
2018600001 279366 279371
2018600001 281305 281310
2018600001 282190 282195
2018600001 284752 284757
2018600001 285250 285255
2018600001 286196 286201
2018600001 287459 287464
2018600001 292348 292353
2018600001 293708 293713
2018600001 298134 298139
2018600001 300209 300214
2018600001 301734 301739
2018600001 303055 303060
2018600001 304615 304620
2018600001 309676 309681
2018600001 310657 310662
2018600001 312177 312182
2018600001 312874 312879
2018600001 313879 313884
2018600001 318722 318727
2018600001 325656 325661
2018600001 325719 325724
2018600001 328896 328901
2018600001 329302 329307
2018600001 329721 329726
2018600001 329938 329943
2018600001 343799 343804
2018600001 345075 345080
2018600001 349473 349478
2018600001 353522 353527
2018600001 353998 354003
2018600001 357057 357062
2018600001 357276 357281
2018600001 357404 357409
2018600001 359577 359582
2018600001 359897 359902
2018600001 360170 360175
2018600001 361088 361093
2018600001 361702 361707
2018600001 361774 361779
2018600001 361830 361835
2018600001 362175 362180
2018600001 363439 363444
2018600001 364791 364796
2018600001 364838 364843
2018600001 365186 365191
2018600001 366880 366885
2018600001 369879 369884
2018600001 371046 371051
2018600001 375164 375169
2018600001 380086 380091
2018600001 381965 381970
2018600001 389587 389592
2018600001 395978 395983
2018600001 397773 397778
2018600001 401312 401317
2018600001 404712 404717
2018600001 416609 416614
2018600001 417197 417202
2018600001 417467 417472
2018600001 418843 418848
2018600001 426936 426941
2018600001 430215 430220
2018600001 430283 430288
2018600001 431373 431378
2018600001 431941 431946
2018600001 432046 432051
2018600001 432509 432514
2018600001 445179 445184
2018600001 447361 447366
2018600001 449978 449983
2018600001 453908 453913
2018600001 455303 455308
2018600001 455807 455812
2018600001 458372 458377
2018600001 458835 458840
2018600001 470023 470028
2018600001 471819 471824
2018600001 473692 473697
2018600001 475996 476001
2018600001 477173 477178
2018600001 479045 479050
2018600001 486901 486906
2018600001 487640 487645
2018600001 488013 488018
2018600001 490231 490236
2018600001 492880 492885
2018600001 494990 494995
2018600001 495548 495553
2018600001 495750 495755
2018600001 498430 498435
2018600001 505677 505682
2018600001 507562 507567
2018600001 508229 508234
2018600001 509943 509948
2018600001 516600 516605
2018600001 523099 523104
2018600001 528559 528564
2018600001 530340 530345
2018600001 548358 548363
2018600001 548746 548751
2018600001 549606 549611
2018600001 551198 551203
2018600001 553845 553850
2018600001 553854 553859
2018600001 553902 553907
2018600001 556069 556074
2018600001 559523 559528
2018600001 559676 559681
2018600001 560982 560987
2018600001 561732 561737
2018600001 562350 562355
2018600001 562571 562576
2018600001 569865 569870
2018600001 571299 571304
2018600001 574793 574798
2018600001 593879 593884
2018600001 597208 597213
2018600001 598167 598172
2018600001 599307 599312
2018600001 599858 599863
2018600001 606008 606013
2018600001 610391 610396
2018600001 610967 610972
2018600001 612096 612101
2018600001 613568 613573
2018600001 614604 614609
2018600001 615568 615573
2018600001 616159 616164
2018600001 618209 618214
2018600001 618547 618552
2018600001 625151 625156
2018600001 626808 626813
2018600001 631439 631444
2018600001 639967 639972
2018600001 640694 640699
2018600001 641776 641781
2018600001 643309 643314
2018600001 644473 644478
2018600001 646333 646338
2018600001 648031 648036
2018600001 650403 650408
2018600001 650609 650614
2018600001 650640 650645
2018600001 653275 653280
2018600001 653368 653373
2018600001 654554 654559
2018600001 655663 655668
2018600001 665057 665062
2018600001 666023 666028
2018600001 667573 667578
2018600001 669599 669604
2018600001 673432 673437
2018600001 673558 673563
2018600001 676980 676985
2018600001 678152 678157
2018600001 681816 681821
2018600001 682137 682142
2018600001 682769 682774
2018600001 690295 690300
2018600001 692586 692591
2018600001 694236 694241
2018600001 694785 694790
2018600001 696821 696826
2018600001 698527 698532
2018600001 698863 698868
2018600001 701259 701264
2018600001 703839 703844
2018600001 712360 712365
2018600001 715486 715491
2018600001 719411 719416
2018600001 722148 722153
2018600001 722412 722417
2018600001 724404 724409
2018600001 725382 725387
2018600001 727222 727227
2018600001 728572 728577
2018600001 730754 730759
2018600001 732177 732182
2018600001 746168 746173
2018600001 748356 748361
2018600001 749143 749148
2018600001 749154 749159
2018600001 749680 749685
2018600001 749899 749904
2018600001 750027 750032
2018600001 752101 752106
2018600001 752421 752426
2018600001 752694 752699
2018600001 753612 753617
2018600001 754226 754231
2018600001 754298 754303
2018600001 754354 754359
2018600001 754699 754704
2018600001 758808 758813
2018600001 761927 761932
2018600001 764004 764009
2018600001 769574 769579
2018600001 773416 773421
2018600001 778411 778416
2018600001 783490 783495
2018600001 783829 783834
2018600001 788510 788515
2018600001 791190 791195
2018600001 793787 793792
2018600001 797885 797890
2018600001 798394 798399
2018600001 800429 800434
2018600001 800965 800970
2018600001 802116 802121
2018600001 805880 805885
2018600001 806429 806434
2018600001 809122 809127
2018600001 814008 814013
2018600001 815981 815986
2018600001 818143 818148
2018600001 818668 818673
2018600001 818809 818814
2018600001 819588 819593
2018600001 819687 819692
2018600001 848667 848672
2018600001 854425 854430
2018600001 861879 861884
2018600001 864233 864238
2018600001 866554 866559
2018600001 867635 867640
2018600001 868802 868807
2018600001 869446 869451
2018600001 878424 878429
2018600001 878840 878845
2018600001 879002 879007
2018600001 880597 880602
2018600001 882317 882322
2018600001 884633 884638
2018600001 889563 889568
2018600001 891423 891428
2018600001 892595 892600
2018600001 894967 894972
2018600001 895671 895676
2018600001 901135 901140
2018600001 906657 906662
2018600001 907999 908004
2018600001 909162 909167
2018600001 911079 911084
2018600001 911909 911914
2018600001 921968 921973
2018600001 924658 924663
2018600001 924973 924978
2018600001 926908 926913
2018600001 927459 927464
2018600001 928356 928361
2018600001 931439 931444
2018600001 937425 937430
2018600001 939213 939218
2018600001 940825 940830
2018600001 940940 940945
2018600001 941054 941059
2018600001 941221 941226
2018600001 943272 943277
2018600001 943758 943763
2018600001 946388 946393
2018600001 946407 946412
2018600001 947448 947453
2018600001 949243 949248
2018600001 949850 949855
2018600001 951534 951539
2018600001 955497 955502
2018600001 957203 957208
2018600001 959302 959307
2018600001 965414 965419
2018600001 965866 965871
2018600001 976270 976275
2018600001 977575 977580
2018600001 978803 978808
2018600001 979639 979644
2018600001 981919 981924
2018600001 984542 984547
2018600001 989679 989684
2018600001 991935 991940
2018600001 992553 992558
2018600001 994954 994959
2018600001 1007895 1007900
2018600001 1008421 1008426
2018600001 1009419 1009424
2018600001 1014154 1014159
2018600001 1018697 1018702
2018600001 1023944 1023949
2018600001 1024471 1024476
2018600001 1025510 1025515
2018600001 1026621 1026626
2018600001 1034564 1034569
2018600001 1034787 1034792
2018600001 1036431 1036436
2018600001 1038115 1038120
2018600001 1041618 1041623
2018600001 1041668 1041673
2018600001 1044690 1044695
2018600001 1045058 1045063
2018600001 1047164 1047169
2018600001 1058984 1058989
2018600001 1059824 1059829
2018600001 1061264 1061269
2018600001 1062629 1062634
2018600001 1064223 1064228
2018600001 1066533 1066538
2018600001 1070400 1070405
2018600001 1075606 1075611
2018600001 1075807 1075812
2018600001 1079853 1079858
2018600001 1081214 1081219
2018600001 1087157 1087162
2018600001 1090863 1090868
2018600001 1093268 1093273
2018600001 1096566 1096571
2018600001 1097563 1097568
2018600001 1101366 1101371
2018600001 1108967 1108972
2018600001 1111610 1111615
2018600001 1115642 1115647
2018600001 1116508 1116513
2018600001 1118907 1118912
2018600001 1121236 1121241
2018600001 1126695 1126700
2018600001 1127548 1127553
2018600001 1129897 1129902
2018600001 1130287 1130292
2018600001 1130881 1130886
2018600001 1134334 1134339
2018600001 1134701 1134706
2018600001 1138943 1138948
2018600001 1141209 1141214
2018600001 1143805 1143810
2018600001 1146030 1146035
2018600001 1147385 1147390
2018600001 1147774 1147779
2018600001 1148759 1148764
2018600001 1150413 1150418
2018600001 1152683 1152688
2018600001 1153959 1153964
2018600001 1158712 1158717
2018600001 1159175 1159180
2018600001 1162177 1162182
2018600001 1163937 1163942
2018600001 1167830 1167835
2018600001 1168154 1168159
2018600001 1168478 1168483
2018600001 1168769 1168774
2018600001 1174417 1174422
2018600001 1175253 1175258
2018600001 1176730 1176735
2018600001 1178802 1178807
2018600001 1182670 1182675
2018600001 1182680 1182685
2018600001 1201341 1201346
2018600001 1201403 1201408
2018600001 1201688 1201693
2018600001 1204179 1204184
2018600001 1204309 1204314
2018600001 1207448 1207453
2018600001 1207538 1207543
2018600001 1212057 1212062
2018600001 1224837 1224842
2018600001 1236104 1236109
2018600001 1240971 1240976
2018600001 1249564 1249569
2018600001 1251108 1251113
2018600001 1252193 1252198
2018600001 1253087 1253092
2018600001 1254359 1254364
2018600001 1256218 1256223
2018600001 1260194 1260199
2018600001 1264988 1264993
2018600001 1271413 1271418
2018600001 1271490 1271495
2018600001 1285194 1285199
2018600001 1285251 1285256
2018600001 1288230 1288235
2018600001 1289886 1289891
2018600001 1290174 1290179
2018600001 1291182 1291187
2018600001 1296662 1296667
2018600001 1303643 1303648
2018600001 1305037 1305042
2018600001 1314126 1314131
2018600001 1314306 1314311
2018600001 1318485 1318490
2018600001 1319337 1319342
2018600001 1319421 1319426
2018600001 1319604 1319609
2018600001 1321979 1321984
2018600001 1324501 1324506
2018600001 1327130 1327135
2018600001 1333681 1333686
2018600001 1336415 1336420
2018600001 1336592 1336597
2018600001 1349561 1349566
2018600001 1354692 1354697
2018600001 1357870 1357875
2018600001 1358592 1358597
2018600001 1362033 1362038
2018600001 1362041 1362046
2018600001 1364779 1364784
2018600001 1366679 1366684
2018600001 1368161 1368166
2018600001 1378811 1378816
2018600001 1380460 1380465
2018600001 1382096 1382101
2018600001 1382537 1382542
2018600001 1384911 1384916
2018600001 1387259 1387264
2018600001 1389724 1389729
2018600001 1390129 1390134
2018600001 1390380 1390385
2018600001 1391744 1391749
2018600001 1394424 1394429
2018600001 1398685 1398690
2018600001 1400362 1400367
2018600001 1405266 1405271
2018600001 1405417 1405422
2018600001 1406786 1406791
2018600001 1408487 1408492
2018600001 1409363 1409368
2018600001 1412286 1412291
2018600001 1420428 1420433
2018600001 1420765 1420770
2018600001 1427019 1427024
2018600001 1432860 1432865
2018600001 1434254 1434259
2018600001 1435240 1435245
2018600001 1437126 1437131
2018600001 1437671 1437676
2018600001 1440951 1440956
2018600001 1444135 1444140
2018600001 1446655 1446660
2018600001 1449405 1449410
2018600001 1456038 1456043
2018600001 1456837 1456842
2018600001 1462958 1462963
2018600001 1464287 1464292
2018600001 1464889 1464894
2018600001 1469607 1469612
2018600001 1469940 1469945
2018600001 1477815 1477820
2018600001 1482988 1482993
2018600001 1492032 1492037
2018600001 1493168 1493173
2018600001 1494057 1494062
2018600001 1498196 1498201
2018600001 1500038 1500043
2018600001 1508944 1508949
2018600001 1513010 1513015
2018600001 1514373 1514378
2018600001 1514590 1514595
2018600001 1515287 1515292
2018600001 1516449 1516454
2018600001 1519165 1519170
2018600001 1519324 1519329
2018600001 1522326 1522331
2018600001 1522866 1522871
2018600001 1523001 1523006
2018600001 1524230 1524235
2018600001 1530631 1530636
2018600001 1531450 1531455
2018600001 1533540 1533545
2018600001 1536585 1536590
2018600001 1536725 1536730
2018600001 1537023 1537028
2018600001 1537101 1537106
2018600001 1537883 1537888
2018600001 1539304 1539309
2018600001 1542208 1542213
2018600001 1556087 1556092
2018600001 1560242 1560247
2018600001 1560281 1560286
2018600001 1561334 1561339
2018600001 1565173 1565178
2018600001 1569248 1569253
2018600001 1572149 1572154
2018600001 1573521 1573526
2018600001 1573847 1573852
2018600001 1574010 1574015
2018600001 1574217 1574222
2018600001 1574269 1574274
2018600001 1575013 1575018
2018600001 1575341 1575346
2018600001 1576928 1576933
2018600001 1581454 1581459
2018600001 1586066 1586071
2018600001 1586272 1586277
2018600001 1587364 1587369
2018600001 1592335 1592340
2018600001 1594593 1594598
2018600001 1597142 1597147
2018600001 1604685 1604690
2018600001 1617349 1617354
2018600001 1618735 1618740
2018600001 1619292 1619297
2018600001 1619819 1619824
2018600001 1640742 1640747
2018600001 1641032 1641037
2018600001 1642122 1642127
2018600001 1642842 1642847
2018600001 1645046 1645051
2018600001 1645714 1645719
2018600001 1647913 1647918
2018600001 1648141 1648146
2018600001 1648918 1648923
2018600001 1649335 1649340
2018600001 1650989 1650994
2018600001 1660513 1660518
2018600001 1668813 1668818
2018600001 1671399 1671404
2018600001 1677060 1677065
2018600001 1682296 1682301
2018600001 1683685 1683690
2018600001 1685497 1685502
2018600001 1689141 1689146
2018600001 1689243 1689248
2018600001 1691278 1691283
2018600001 1692500 1692505
2018600001 1695170 1695175
2018600001 1697904 1697909
2018600001 1698946 1698951
2018600001 1704947 1704952
2018600001 1705547 1705552
2018600001 1709812 1709817
2018600001 1710327 1710332
2018600001 1710351 1710356
2018600001 1710984 1710989
2018600001 1712657 1712662
2018600001 1714317 1714322
2018600001 1719746 1719751
2018600001 1724668 1724673
2018600001 1725174 1725179
2018600001 1725488 1725493
2018600001 1729555 1729560
2018600001 1729850 1729855
2018600001 1731617 1731622
2018600001 1731978 1731983
2018600001 1735637 1735642
2018600001 1745841 1745846
2018600001 1748324 1748329
2018600001 1750055 1750060
2018600001 1752696 1752701
2018600001 1758074 1758079
2018600001 1760719 1760724
2018600001 1761540 1761545
2018600001 1767138 1767143
2018600001 1773115 1773120
2018600001 1776820 1776825
2018600001 1783619 1783624
2018600001 1785303 1785308
2018600001 1785766 1785771
2018600001 1788058 1788063
2018600001 1788453 1788458
2018600001 1793336 1793341
2018600001 1793360 1793365
2018600001 1793718 1793723
2018600001 1794423 1794428
2018600001 1797388 1797393
2018600001 1798722 1798727
2018600001 1805121 1805126
2018600001 1813713 1813718
2018600001 1817492 1817497
2018600001 1820992 1820997
2018600001 1828586 1828591
2018600001 1834176 1834181
2018600001 1835512 1835517
2018600001 1835547 1835552
2018600001 1835635 1835640
2018600001 1836207 1836212
2018600001 1838946 1838951
2018600001 1839455 1839460
2018600001 1848596 1848601
2018600001 1853045 1853050
2018600001 1853613 1853618
2018600001 1854372 1854377
2018600001 1854438 1854443
2018600001 1859777 1859782
2018600001 1863684 1863689
2018600001 1865485 1865490
2018600001 1869711 1869716
2018600001 1872879 1872884
2018600001 1878194 1878199
2018600001 1884714 1884719
2018600001 1892364 1892369
2018600001 1894737 1894742
2018600001 1896335 1896340
2018600001 1905660 1905665
2018600001 1906094 1906099
2018600001 1908077 1908082
2018600001 1910103 1910108
2018600001 1911145 1911150
2018600001 1911577 1911582
2018600001 1913163 1913168
2018600001 1916144 1916149
2018600001 1923597 1923602
2018600001 1928103 1928108
2018600001 1929347 1929352
2018600001 1929448 1929453
2018600001 1934423 1934428
2018600001 1941342 1941347
2018600001 1943870 1943875
2018600001 1943954 1943959
2018600001 1945827 1945832
2018600001 1946527 1946532
2018600001 1946785 1946790
2018600001 1947606 1947611
2018600001 1949132 1949137
2018600001 1951584 1951589
2018600001 1956201 1956206
2018600001 1957176 1957181
2018600001 1960040 1960045
2018600001 1963221 1963226
2018600001 1994808 1994813
2018600001 1995913 1995918
2018600001 2000051 2000056
2018600001 2003363 2003368
2018600001 2003679 2003684
2018600001 2004209 2004214
2018600001 2005095 2005100
2018600001 2005793 2005798
2018600001 2007137 2007142
2018600001 2007673 2007678
2018600001 2012368 2012373
2018600001 2012388 2012393
2018600001 2014537 2014542
2018600001 2028140 2028145
2018600001 2028283 2028288
2018600001 2033092 2033097
2018600001 2033207 2033212
2018600001 2033696 2033701
2018600001 2039426 2039431
2018600001 2040182 2040187
2018600001 2040344 2040349
2018600001 2041769 2041774
2018600001 2042773 2042778
2018600001 2045288 2045293
2018600001 2049121 2049126
2018600001 2054173 2054178
2018600001 2062850 2062855
2018600001 2072973 2072978
2018600001 2075440 2075445
2018600001 2076318 2076323
2018600001 2076331 2076336
2018600001 2077071 2077076
2018600001 2079707 2079712
2018600001 2084208 2084213
2018600001 2085186 2085191
2018600001 2086431 2086436
2018600001 2091730 2091735
2018600001 2092144 2092149
2018600001 2095118 2095123
2018600001 2098267 2098272
2018600001 2102661 2102666
2018600001 2104518 2104523
2018600001 2104854 2104859
2018600001 2105672 2105677
2018600001 2106956 2106961
2018600001 2108501 2108506
2018600001 2115319 2115324
2018600001 2116890 2116895
2018600001 2119059 2119064
2018600001 2127738 2127743
2018600001 2129747 2129752
2018600001 2130299 2130304
2018600001 2130334 2130339
2018600001 2132150 2132155
2018600001 2133445 2133450
2018600001 2134061 2134066
2018600001 2137573 2137578
2018600001 2138322 2138327
2018600001 2140626 2140631
2018600001 2144034 2144039
2018600001 2147480 2147485
2018600001 2151112 2151117
2018600001 2152056 2152061
2018600001 2152767 2152772
2018600001 2153054 2153059
2018600001 2160283 2160288
2018600001 2160458 2160463
2018600001 2160730 2160735
2018600001 2167171 2167176
2018600001 2175236 2175241
2018600001 2176336 2176341
2018600001 2176718 2176723
2018600001 2190166 2190171
2018600001 2190863 2190868
2018600001 2190964 2190969
2018600001 2193625 2193630
2018600001 2194345 2194350
2018600001 2204341 2204346
2018600001 2205974 2205979
2018600001 2208062 2208067
2018600001 2208308 2208313
2018600001 2211025 2211030
2018600001 2219762 2219767
2018600001 2220725 2220730
2018600001 2223707 2223712
2018600001 2224754 2224759
2018600001 2226618 2226623
2018600001 2230952 2230957
2018600001 2233883 2233888
2018600001 2234298 2234303
2018600001 2235534 2235539
2018600001 2239125 2239130
2018600001 2244531 2244536
2018600001 2244964 2244969
2018600001 2245778 2245783
2018600001 2246864 2246869
2018600001 2247436 2247441
2018600001 2252382 2252387
2018600001 2254956 2254961
2018600001 2255683 2255688
2018600001 2256343 2256348
2018600001 2258052 2258057
2018600001 2260570 2260575
2018600001 2261504 2261509
2018600001 2262683 2262688
2018600001 2262819 2262824
2018600001 2264417 2264422
2018600001 2264426 2264431
2018600001 2265065 2265070
2018600001 2265785 2265790
2018600001 2266546 2266551
2018600001 2266577 2266582
2018600001 2267254 2267259
2018600001 2268695 2268700
2018600001 2269032 2269037
2018600001 2270700 2270705
2018600001 2274166 2274171
2018600001 2280187 2280192
2018600001 2286834 2286839
2018600001 2286999 2287004
2018600001 2287903 2287908
2018600001 2292373 2292378
2018600001 2293183 2293188
2018600001 2296422 2296427
2018600001 2299105 2299110
2018600001 2302522 2302527
2018600001 2305153 2305158
2018600001 2307135 2307140
2018600001 2307172 2307177
2018600001 2311203 2311208
2018600001 2314145 2314150
2018600001 2316858 2316863
2018600001 2317044 2317049
2018600001 2317662 2317667
2018600001 2319472 2319477
2018600001 2333951 2333956
2018600001 2334491 2334496
2018600001 2342020 2342025
2018600001 2347858 2347863
2018600001 2348193 2348198
2018600001 2351892 2351897
2018600001 2351912 2351917
2018600001 2352352 2352357
2018600001 2354004 2354009
2018600001 2356481 2356486
2018600001 2357033 2357038
2018600001 2369892 2369897
2018600001 2370741 2370746
2018600001 2371685 2371690
2018600001 2373911 2373916
2018600001 2376481 2376486
2018600001 2379169 2379174
2018600001 2379750 2379755
2018600001 2383440 2383445
2018600001 2385286 2385291
2018600001 2385387 2385392
2018600001 2386811 2386816
2018600001 2387855 2387860
2018600001 2390880 2390885
2018600001 2392551 2392556
2018600001 2399225 2399230
2018600001 2408844 2408849
2018600001 2411920 2411925
2018600001 2420533 2420538
2018600001 2422867 2422872
2018600001 2423641 2423646
2018600001 2424594 2424599
2018600001 2431571 2431576
2018600001 2433107 2433112
2018600001 2435257 2435262
2018600001 2435711 2435716
2018600001 2443838 2443843
2018600001 2447870 2447875
2018600001 2448453 2448458
2018600001 2451239 2451244
2018600001 2458936 2458941
2018600001 2461378 2461383
2018600001 2463754 2463759
2018600001 2464048 2464053
2018600001 2464661 2464666
2018600001 2474130 2474135
2018600001 2476096 2476101
2018600001 2477211 2477216
2018600001 2478910 2478915
2018600001 2479247 2479252
2018600001 2486820 2486825
2018600001 2486979 2486984
2018600001 2494482 2494487
2018600001 2497256 2497261
2018600001 2498705 2498710
2018600001 2502930 2502935
2018600001 2504238 2504243
2018600001 2512243 2512248
2018600001 2513287 2513292
2018600001 2514345 2514350
2018600001 2518511 2518516
2018600001 2521235 2521240
2018600001 2521419 2521424
2018600001 2521527 2521532
2018600001 2523761 2523766
2018600001 2526340 2526345
2018600001 2529576 2529581
2018600001 2531643 2531648
2018600001 2532512 2532517
2018600001 2536554 2536559
2018600001 2544409 2544414
2018600001 2546921 2546926
2018600001 2549312 2549317
2018600001 2551955 2551960
2018600001 2556482 2556487
2018600001 2561168 2561173
2018600001 2569168 2569173
2018600001 2571736 2571741
2018600001 2579087 2579092
2018600001 2580359 2580364
2018600001 2582161 2582166
2018600001 2582727 2582732
2018600001 2582785 2582790
2018600001 2582956 2582961
2018600001 2584097 2584102
2018600001 2585502 2585507
2018600001 2586724 2586729
2018600001 2589754 2589759
2018600001 2591757 2591762
2018600001 2592750 2592755
2018600001 2594926 2594931
2018600001 2608637 2608642
2018600001 2610804 2610809
2018600001 2613829 2613834
2018600001 2613932 2613937
2018600001 2615493 2615498
2018600001 2619422 2619427
2018600001 2625083 2625088
2018600001 2625501 2625506
2018600001 2628539 2628544
2018600001 2629561 2629566
2018600001 2636231 2636236
2018600001 2636784 2636789
2018600001 2645846 2645851
2018600001 2647858 2647863
2018600001 2653287 2653292
2018600001 2655066 2655071
2018600001 2664431 2664436
2018600001 2667793 2667798
2018600001 2672311 2672316
2018600001 2678864 2678869
2018600001 2684064 2684069
2018600001 2687571 2687576
2018600001 2691888 2691893
2018600001 2692125 2692130
2018600001 2693388 2693393
2018600001 2694416 2694421
2018600001 2695527 2695532
2018600001 2696310 2696315
2018600001 2697925 2697930
2018600001 2698266 2698271
2018600001 2699970 2699975
2018600001 2702733 2702738
2018600001 2705605 2705610
2018600001 2708976 2708981
2018600001 2709642 2709647
2018600001 2710176 2710181
2018600001 2710258 2710263
2018600001 2710467 2710472
2018600001 2710812 2710817
2018600001 2710868 2710873
2018600001 2710940 2710945
2018600001 2711554 2711559
2018600001 2712472 2712477
2018600001 2712745 2712750
2018600001 2713065 2713070
2018600001 2715238 2715243
2018600001 2715366 2715371
2018600001 2715585 2715590
2018600001 2717538 2717543
2018600001 2718330 2718335
2018600001 2738265 2738270
2018600001 2746764 2746769
2018600001 2746851 2746856
2018600001 2756631 2756636
2018600001 2762581 2762586
2018600001 2767656 2767661
2018600001 2770515 2770520
2018600001 2771142 2771147
2018600001 2774501 2774506
2018600001 2775197 2775202
2018600001 2784544 2784549
2018600001 2786087 2786092
2018600001 2786325 2786330
2018600001 2789087 2789092
2018600001 2791992 2791997
2018600001 2792178 2792183
2018600001 2793792 2793797
2018600001 2799879 2799884
2018600001 2800346 2800351
2018600001 2805595 2805600
2018600001 2806663 2806668
2018600001 2808256 2808261
2018600001 2809112 2809117
2018600001 2810456 2810461
2018600001 2813268 2813273
2018600001 2816125 2816130
2018600001 2818022 2818027
2018600001 2818187 2818192
2018600001 2818193 2818198
2018600001 2818499 2818504
2018600001 2818587 2818592
2018600001 2822352 2822357
2018600001 2823893 2823898
2018600001 2824216 2824221
2018600001 2826781 2826786
2018600001 2826860 2826865
2018600001 2829505 2829510
2018600001 2830182 2830187
2018600001 2834254 2834259
2018600001 2834692 2834697
2018600001 2834755 2834760
2018600001 2837071 2837076
2018600001 2839374 2839379
2018600001 2844217 2844222
2018600001 2848015 2848020
2018600001 2850291 2850296
2018600001 2855028 2855033
2018600001 2858494 2858499
2018600001 2859685 2859690
2018600001 2862700 2862705
2018600001 2865846 2865851
2018600001 2867557 2867562
2018600001 2867974 2867979
2018600001 2868226 2868231
2018600001 2869579 2869584
2018600001 2870770 2870775
2018600001 2871359 2871364
2018600001 2871446 2871451
2018600001 2872283 2872288
2018600001 2872504 2872509
2018600001 2875808 2875813
2018600001 2878545 2878550
2018600001 2879335 2879340
2018600001 2879487 2879492
2018600001 2884769 2884774
2018600001 2888786 2888791
2018600001 2893213 2893218
2018600001 2893392 2893397
2018600001 2894666 2894671
2018600001 2894898 2894903
2018600001 2898644 2898649
2018600001 2909835 2909840
2018600001 2910842 2910847
2018600001 2922334 2922339
2018600001 2924572 2924577
2018600001 2927204 2927209
2018600001 2930572 2930577
2018600001 2934783 2934788
2018600001 2936424 2936429
2018600001 2937125 2937130
2018600001 2937965 2937970
2018600001 2938321 2938326
2018600001 2947374 2947379
2018600001 2949632 2949637
2018600001 2955296 2955301
2018600001 2957745 2957750
2018600001 2958368 2958373
2018600001 2959467 2959472
2018600001 2959623 2959628
2018600001 2961475 2961480
2018600001 2970264 2970269
2018600001 2970945 2970950
2018600001 2971082 2971087
2018600001 2971151 2971156
2018600001 2972915 2972920
2018600001 2977934 2977939
2018600001 2978635 2978640
2018600001 2987295 2987300
2018600001 2988149 2988154
2018600001 2990056 2990061
2018600001 2994670 2994675
2018600001 2997614 2997619
2018600001 2999933 2999938
2018600001 3002902 3002907
2018600001 3005029 3005034
2018600001 3008972 3008977
2018600001 3013131 3013136
2018600001 3013161 3013166
2018600001 3019889 3019894
2018600001 3022291 3022296
2018600001 3024357 3024362
2018600001 3024733 3024738
2018600001 3026905 3026910
2018600001 3030981 3030986
2018600001 3032210 3032215
2018600001 3043349 3043354
2018600001 3046188 3046193
2018600001 3048505 3048510
2018600002 2939 2944
2018600002 4986 4991
2018600002 9569 9574
2018600002 11872 11877
2018600002 15098 15103
2018600002 15448 15453
2018600002 19591 19596
2018600002 25380 25385
2018600002 25747 25752
2018600002 39749 39754
2018600002 40406 40411
2018600002 40728 40733
2018600002 42800 42805
2018600002 44124 44129
2018600002 55149 55154
2018600002 63958 63963
2018600002 70876 70881
2018600002 73088 73093
2018600002 73432 73437
2018600002 75921 75926
2018600002 78160 78165
2018600002 80138 80143
2018600002 80709 80714
2018600002 81381 81386
2018600002 81944 81949
2018600002 84004 84009
2018600002 88534 88539
2018600002 88901 88906
2018600002 89543 89548
2018600002 94824 94829
2018600002 101560 101565
2018600002 102097 102102
2018600002 103140 103145
2018600002 103227 103232
2018600002 103739 103744
2018600002 107933 107938
2018600002 121212 121217
2018600002 122203 122208
2018600002 124486 124491
2018600002 128547 128552
2018600002 130683 130688
2018600002 131132 131137
2018600002 133879 133884
2018600002 134302 134307
2018600002 136167 136172
2018600002 140831 140836
2018600002 142717 142722
2018600002 144310 144315
2018600002 144434 144439
2018600002 156160 156165
2018600002 159809 159814
2018600002 165062 165067
2018600002 165653 165658
2018600002 170493 170498
2018600002 175220 175225
2018600002 179004 179009
2018600002 179818 179823
2018600002 181467 181472
2018600002 181621 181626
2018600002 184202 184207
2018600002 185999 186004
2018600002 186945 186950
2018600002 190564 190569
2018600002 192633 192638
2018600002 192686 192691
2018600002 192828 192833
2018600002 194133 194138
2018600002 194157 194162
2018600002 194713 194718
2018600002 194880 194885
2018600002 196490 196495
2018600002 198737 198742
2018600002 198959 198964
2018600002 201934 201939
2018600002 203518 203523
2018600002 209137 209142
2018600002 224840 224845
2018600002 226810 226815
2018600002 226846 226851
2018600002 228048 228053
2018600002 228827 228832
2018600002 229900 229905
2018600002 230834 230839
2018600002 238709 238714
2018600002 246265 246270
2018600002 247897 247902
2018600002 248040 248045
2018600002 250751 250756
2018600002 264884 264889
2018600002 266018 266023
2018600002 266667 266672
2018600002 268607 268612
2018600002 271712 271717
2018600002 272514 272519
2018600002 272710 272715
2018600002 273378 273383
2018600002 273574 273579
2018600002 273810 273815
2018600002 274006 274011
2018600002 274438 274443
2018600002 278555 278560
2018600002 284829 284834
2018600002 285736 285741
2018600002 285774 285779
2018600002 293176 293181
2018600002 297524 297529
2018600002 299507 299512
2018600002 305552 305557
2018600002 311978 311983
2018600002 313450 313455
2018600002 315091 315096
2018600002 319818 319823
2018600002 321554 321559
2018600002 325988 325993
2018600002 328648 328653
2018600002 331171 331176
2018600002 334667 334672
2018600002 335087 335092
2018600002 337005 337010
2018600002 340479 340484
2018600002 343656 343661
2018600002 345212 345217
2018600002 347114 347119
2018600002 350602 350607
2018600002 362363 362368
2018600002 362655 362660
2018600002 367964 367969
2018600002 369600 369605
2018600002 369681 369686
2018600002 374152 374157
2018600002 375169 375174
2018600002 375196 375201
2018600002 376810 376815
2018600002 377183 377188
2018600002 377313 377318
2018600002 377840 377845
2018600002 378702 378707
2018600002 379205 379210
2018600002 380213 380218
2018600002 382298 382303
2018600002 382997 383002
2018600002 384133 384138
2018600002 392024 392029
2018600002 392225 392230
2018600002 395413 395418
2018600002 396427 396432
2018600002 400336 400341
2018600002 400599 400604
2018600002 413112 413117
2018600002 413793 413798
2018600002 415015 415020
2018600002 415484 415489
2018600002 415917 415922
2018600002 416126 416131
2018600002 417740 417745
2018600002 417786 417791
2018600002 417999 418004
2018600002 418293 418298
2018600002 425347 425352
2018600002 426387 426392
2018600002 441204 441209
2018600002 441899 441904
2018600002 442181 442186
2018600002 442409 442414
2018600002 442586 442591
2018600002 446745 446750
2018600002 448999 449004
2018600002 449693 449698
2018600002 452019 452024
2018600002 457045 457050
2018600002 457832 457837
2018600002 458248 458253
2018600002 464584 464589
2018600002 466825 466830
2018600002 474929 474934
2018600002 479729 479734
2018600002 490214 490219
2018600002 492840 492845
2018600002 500774 500779
2018600002 505904 505909
2018600002 508318 508323
2018600002 516292 516297
2018600002 518005 518010
2018600002 519162 519167
2018600002 519385 519390
2018600002 525577 525582
2018600002 525985 525990
2018600002 526525 526530
2018600002 538959 538964
2018600002 539104 539109
2018600002 539745 539750
2018600002 540075 540080
2018600002 548576 548581
2018600002 549697 549702
2018600002 549790 549795
2018600002 551253 551258
2018600002 553623 553628
2018600002 554422 554427
2018600002 555559 555564
2018600002 557666 557671
2018600002 558763 558768
2018600002 560816 560821
2018600002 562176 562181
2018600002 569843 569848
2018600002 573066 573071
2018600002 575072 575077
2018600002 576740 576745
2018600002 577079 577084
2018600002 580380 580385
2018600002 584520 584525
2018600002 584644 584649
2018600002 590296 590301
2018600002 602195 602200
2018600002 606989 606994
2018600002 607253 607258
2018600002 619892 619897
2018600002 622523 622528
2018600002 627446 627451
2018600002 628914 628919
2018600002 629409 629414
2018600002 630062 630067
2018600002 630209 630214
2018600002 639698 639703
2018600002 640828 640833
2018600002 642658 642663
2018600002 644427 644432
2018600002 646453 646458
2018600002 647069 647074
2018600002 647887 647892
2018600002 648214 648219
2018600002 648439 648444
2018600002 655265 655270
2018600002 660369 660374
2018600002 662441 662446
2018600002 665137 665142
2018600002 667399 667404
2018600002 669463 669468
2018600002 671158 671163
2018600002 675289 675294
2018600002 677268 677273
2018600002 679784 679789
2018600002 687398 687403
2018600002 692375 692380
2018600002 692793 692798
2018600002 694906 694911
2018600002 704587 704592
2018600002 708111 708116
2018600002 709918 709923
2018600002 714488 714493
2018600002 715822 715827
2018600002 720699 720704
2018600002 721246 721251
2018600002 721378 721383
2018600002 725300 725305
2018600002 725560 725565
2018600002 726287 726292
2018600002 729092 729097
2018600002 732754 732759
2018600002 737481 737486
2018600002 739339 739344
2018600002 750552 750557
2018600002 750609 750614
2018600002 750866 750871
2018600002 760546 760551
2018600002 763308 763313
2018600002 763641 763646
2018600002 763655 763660
2018600002 764145 764150
2018600002 769705 769710
2018600002 771844 771849
2018600002 771931 771936
2018600002 775583 775588
2018600002 775817 775822
2018600002 794810 794815
2018600002 794857 794862
2018600002 819874 819879
2018600002 821636 821641
2018600002 821680 821685
2018600002 825605 825610
2018600002 827564 827569
2018600002 839599 839604
2018600002 845663 845668
2018600002 852266 852271
2018600002 854737 854742
2018600002 867846 867851
2018600002 871163 871168
2018600002 911266 911271
2018600002 926173 926178
2018600002 932266 932271
2018600002 944704 944709
2018600002 945319 945324
2018600002 949591 949596
2018600002 950395 950400
2018600002 974320 974325
2018600002 975284 975289
2018600002 982386 982391
2018600002 987569 987574
2018600002 1002635 1002640
2018600002 1004729 1004734
2018600002 1005746 1005751
2018600002 1005800 1005805
2018600002 1008401 1008406
2018600002 1009845 1009850
2018600002 1009902 1009907
2018600002 1027882 1027887
2018600002 1029352 1029357
2018600002 1030636 1030641
2018600002 1030705 1030710
2018600002 1038084 1038089
2018600002 1038361 1038366
2018600002 1039130 1039135
2018600002 1040635 1040640
2018600002 1043290 1043295
2018600002 1052217 1052222
2018600002 1055408 1055413
2018600002 1059619 1059624
2018600002 1061128 1061133
2018600002 1061959 1061964
2018600002 1064912 1064917
2018600002 1079306 1079311
2018600002 1085600 1085605
2018600002 1086557 1086562
2018600002 1088734 1088739
2018600002 1091330 1091335
2018600002 1097012 1097017
2018600002 1098904 1098909
2018600002 1100364 1100369
2018600002 1109022 1109027
2018600002 1120212 1120217
2018600003 579 584
2018600003 1579 1584
2018600003 1675 1680
2018600003 4287 4292
2018600003 5879 5884
2018600003 6484 6489
2018600003 7643 7648
2018600003 10369 10374
2018600003 14473 14478
2018600003 15504 15509
2018600003 18928 18933
2018600003 20523 20528
2018600003 21455 21460
2018600003 22275 22280
2018600003 22584 22589
2018600003 24530 24535
2018600003 26631 26636
2018600003 28617 28622
2018600003 28887 28892
2018600003 33594 33599
2018600003 43110 43115
2018600003 45155 45160
2018600003 45164 45169
2018600003 45644 45649
2018600003 45962 45967
2018600003 48358 48363
2018600003 48969 48974
2018600003 49167 49172
2018600003 50038 50043
2018600003 50739 50744
2018600003 50996 51001
2018600003 51678 51683
2018600003 57387 57392
2018600003 59826 59831
2018600003 63179 63184
2018600003 64731 64736
2018600003 65204 65209
2018600003 66365 66370
2018600003 67408 67413
2018600003 67849 67854
2018600003 70016 70021
2018600003 70531 70536
2018600003 74224 74229
2018600003 76312 76317
2018600003 77029 77034
2018600003 78769 78774
2018600003 79805 79810
2018600003 82256 82261
2018600003 83194 83199
2018600003 83474 83479
2018600003 87032 87037
2018600003 87744 87749
2018600003 90163 90168
2018600003 90209 90214
2018600003 90248 90253
2018600003 90722 90727
2018600003 92885 92890
2018600003 93155 93160
2018600003 97257 97262
2018600003 99603 99608
2018600003 100249 100254
2018600003 101256 101261
2018600003 103569 103574
2018600003 104741 104746
2018600003 105350 105355
2018600003 105491 105496
2018600003 106987 106992
2018600003 108805 108810
2018600003 108929 108934
2018600003 109773 109778
2018600003 110853 110858
2018600003 113862 113867
2018600004 1151 1156
2018600004 2188 2193
2018600004 6885 6890
2018600004 7448 7453
2018600004 8137 8142
2018600004 8989 8994
2018600004 9370 9375
2018600004 10046 10051
2018600004 11717 11722
2018600004 11775 11780
2018600004 11861 11866
2018600004 12127 12132
2018600004 12500 12505
2018600004 14097 14102
2018600004 14489 14494
2018600004 14504 14509
2018600004 14609 14614
2018600004 14803 14808
2018600004 15275 15280
2018600004 15564 15569
2018600004 15832 15837
2018600004 16142 16147
2018600004 16348 16353
2018600004 18100 18105
2018600004 18182 18187
