2018600001 8812 8826
2018600001 10228 10242
2018600001 12425 12439
2018600001 16121 16135
2018600001 18133 18147
2018600001 29235 29249
2018600001 32240 32254
2018600001 41986 42000
2018600001 47883 47897
2018600001 52904 52918
2018600001 54809 54823
2018600001 56332 56346
2018600001 60314 60328
2018600001 61659 61673
2018600001 91322 91336
2018600001 101452 101466
2018600001 108306 108320
2018600001 110741 110755
2018600001 121716 121730
2018600001 123317 123331
2018600001 127681 127695
2018600001 131927 131941
2018600001 135050 135064
2018600001 136092 136106
2018600001 149152 149166
2018600001 151933 151947
2018600001 155417 155431
2018600001 162330 162344
2018600001 162497 162511
2018600001 164279 164293
2018600001 165854 165868
2018600001 172879 172893
2018600001 188974 188988
2018600001 193667 193681
2018600001 203270 203284
2018600001 203896 203910
2018600001 204954 204968
2018600001 208392 208406
2018600001 212905 212919
2018600001 216494 216508
2018600001 217732 217746
2018600001 221586 221600
2018600001 225236 225250
2018600001 226434 226448
2018600001 234480 234494
2018600001 236892 236906
2018600001 250024 250038
2018600001 258772 258786
2018600001 264212 264226
2018600001 269781 269795
2018600001 271467 271481
2018600001 274665 274679
2018600001 281678 281692
2018600001 282137 282151
2018600001 294590 294604
2018600001 304693 304707
2018600001 306421 306435
2018600001 309458 309472
2018600001 310559 310573
2018600001 314953 314967
2018600001 330226 330240
2018600001 333310 333324
2018600001 342567 342581
2018600001 343390 343404
2018600001 360464 360478
2018600001 363527 363541
2018600001 364848 364862
2018600001 366401 366415
2018600001 366726 366740
2018600001 370920 370934
2018600001 386096 386110
2018600001 386152 386166
2018600001 405844 405858
2018600001 408380 408394
2018600001 413716 413730
2018600001 419613 419627
2018600001 422018 422032
2018600001 424169 424183
2018600001 430050 430064
2018600001 431544 431558
2018600001 432795 432809
2018600001 433053 433067
2018600001 441754 441768
2018600001 454591 454605
2018600001 473832 473846
2018600001 473897 473911
2018600001 475179 475193
2018600001 476348 476362
2018600001 483177 483191
2018600001 486778 486792
2018600001 496767 496781
2018600001 522457 522471
2018600001 523266 523280
2018600001 523775 523789
2018600001 527833 527847
2018600001 544185 544199
2018600001 548013 548027
2018600001 548139 548153
2018600001 549641 549655
2018600001 555655 555669
2018600001 560727 560741
2018600001 564913 564927
2018600001 568378 568392
2018600001 572895 572909
2018600001 572972 572986
2018600001 581611 581625
2018600001 585949 585963
2018600001 587489 587503
2018600001 592905 592919
2018600001 599269 599283
2018600001 603160 603174
2018600001 611710 611724
2018600001 613019 613033
2018600001 616064 616078
2018600001 620707 620721
2018600001 630947 630961
2018600001 632719 632733
2018600001 632722 632736
2018600001 642895 642909
2018600001 645808 645822
2018600001 649397 649411
2018600001 669948 669962
2018600001 683819 683833
2018600001 684915 684929
2018600001 687292 687306
2018600001 688130 688144
2018600001 690744 690758
2018600001 698698 698712
2018600001 708470 708484
2018600001 712670 712684
2018600001 714222 714236
2018600001 715704 715718
2018600001 717126 717140
2018600001 717634 717648
2018600001 719615 719629
2018600001 735808 735822
2018600001 740586 740600
2018600001 741871 741885
2018600001 745908 745922
2018600001 747403 747417
2018600001 747676 747690
2018600001 752988 753002
2018600001 767047 767061
2018600001 771153 771167
2018600001 771366 771380
2018600001 774342 774356
2018600001 783867 783881
2018600001 790168 790182
2018600001 794719 794733
2018600001 807464 807478
2018600001 812239 812253
2018600001 816232 816246
2018600001 819788 819802
2018600001 824517 824531
2018600001 833447 833461
2018600001 834353 834367
2018600001 853304 853318
2018600001 858914 858928
2018600001 876268 876282
2018600001 876868 876882
2018600001 879560 879574
2018600001 881606 881620
2018600001 889609 889623
2018600001 890403 890417
2018600001 891944 891958
2018600001 912428 912442
2018600001 922829 922843
2018600001 927599 927613
2018600001 927825 927839
2018600001 927944 927958
2018600001 933827 933841
2018600001 934124 934138
2018600001 939215 939229
2018600001 939221 939235
2018600001 944283 944297
2018600001 945828 945842
2018600001 948266 948280
2018600001 956769 956783
2018600001 959441 959455
2018600001 960376 960390
2018600001 964716 964730
2018600001 968297 968311
2018600001 973859 973873
2018600001 990615 990629
2018600001 999690 999704
2018600001 1002965 1002979
2018600001 1006289 1006303
2018600001 1010438 1010452
2018600001 1012295 1012309
2018600001 1021406 1021420
2018600001 1022449 1022463
2018600001 1024014 1024028
2018600001 1029745 1029759
2018600001 1030552 1030566
2018600001 1031079 1031093
2018600001 1034867 1034881
2018600001 1053409 1053423
2018600001 1094167 1094181
2018600001 1096067 1096081
2018600001 1106819 1106833
2018600001 1110847 1110861
2018600001 1113262 1113276
2018600001 1119054 1119068
2018600001 1122782 1122796
2018600001 1143794 1143808
2018600001 1144564 1144578
2018600001 1145158 1145172
2018600001 1147312 1147326
2018600001 1148427 1148441
2018600001 1151007 1151021
2018600001 1153802 1153816
2018600001 1157906 1157920
2018600001 1172093 1172107
2018600001 1187486 1187500
2018600001 1188193 1188207
2018600001 1198919 1198933
2018600001 1206441 1206455
2018600001 1207948 1207962
2018600001 1208580 1208594
2018600001 1210021 1210035
2018600001 1210699 1210713
2018600001 1216001 1216015
2018600001 1218682 1218696
2018600001 1229940 1229954
2018600001 1236628 1236642
2018600001 1245919 1245933
2018600001 1251856 1251870
2018600001 1252206 1252220
2018600001 1252818 1252832
2018600001 1284874 1284888
2018600001 1290109 1290123
2018600001 1296743 1296757
2018600001 1305895 1305909
2018600001 1306123 1306137
2018600001 1310364 1310378
2018600001 1315839 1315853
2018600001 1319220 1319234
2018600001 1333469 1333483
2018600001 1339156 1339170
2018600001 1344327 1344341
2018600001 1348789 1348803
2018600001 1351058 1351072
2018600001 1356740 1356754
2018600001 1360685 1360699
2018600001 1375977 1375991
2018600001 1379603 1379617
2018600001 1380213 1380227
2018600001 1380537 1380551
2018600001 1380540 1380554
2018600001 1382356 1382370
2018600001 1382496 1382510
2018600001 1389074 1389088
2018600001 1390544 1390558
2018600001 1393650 1393664
2018600001 1395560 1395574
2018600001 1404865 1404879
2018600001 1406759 1406773
2018600001 1408054 1408068
2018600001 1408279 1408293
2018600001 1414044 1414058
2018600001 1416649 1416663
2018600001 1422293 1422307
2018600001 1452094 1452108
2018600001 1452719 1452733
2018600001 1464101 1464115
2018600001 1465833 1465847
2018600001 1466136 1466150
2018600001 1466631 1466645
2018600001 1475271 1475285
2018600001 1481369 1481383
2018600001 1491002 1491016
2018600001 1491236 1491250
2018600001 1495057 1495071
2018600001 1513825 1513839
2018600001 1519599 1519613
2018600001 1526980 1526994
2018600001 1527283 1527297
2018600001 1529641 1529655
2018600001 1531671 1531685
2018600001 1540983 1540997
2018600001 1541650 1541664
2018600001 1554863 1554877
2018600001 1555178 1555192
2018600001 1556110 1556124
2018600001 1559092 1559106
2018600001 1572843 1572857
2018600001 1574790 1574804
2018600001 1597063 1597077
2018600001 1604590 1604604
2018600001 1615954 1615968
2018600001 1617912 1617926
2018600001 1628628 1628642
2018600001 1628944 1628958
2018600001 1629832 1629846
2018600001 1629896 1629910
2018600001 1631662 1631676
2018600001 1637698 1637712
2018600001 1640135 1640149
2018600001 1640563 1640577
2018600001 1647794 1647808
2018600001 1648976 1648990
2018600001 1653582 1653596
2018600001 1665892 1665906
2018600001 1672443 1672457
2018600001 1677145 1677159
2018600001 1678127 1678141
2018600001 1679305 1679319
2018600001 1685709 1685723
2018600001 1686218 1686232
2018600001 1693702 1693716
2018600001 1696177 1696191
2018600001 1710600 1710614
2018600001 1722428 1722442
2018600001 1728703 1728717
2018600001 1739189 1739203
2018600001 1741755 1741769
2018600001 1760744 1760758
2018600001 1776367 1776381
2018600001 1776774 1776788
2018600001 1779336 1779350
2018600001 1781294 1781308
2018600001 1790184 1790198
2018600001 1795189 1795203
2018600001 1799313 1799327
2018600001 1802107 1802121
2018600001 1812131 1812145
2018600001 1822953 1822967
2018600001 1830547 1830561
2018600001 1842696 1842710
2018600001 1850726 1850740
2018600001 1877021 1877035
2018600001 1889371 1889385
2018600001 1890579 1890593
2018600001 1896465 1896479
2018600001 1896606 1896620
2018600001 1918439 1918453
2018600001 1953259 1953273
2018600001 1965502 1965516
2018600001 1972348 1972362
2018600001 1973204 1973218
2018600001 1983790 1983804
2018600001 1985919 1985933
2018600001 1991920 1991934
2018600001 1993635 1993649
2018600001 1994746 1994760
2018600001 1997281 1997295
2018600001 1997466 1997480
2018600001 1998548 1998562
2018600001 2004038 2004052
2018600001 2008838 2008852
2018600001 2011310 2011324
2018600001 2014663 2014677
2018600001 2032203 2032217
2018600001 2033767 2033781
2018600001 2037111 2037125
2018600001 2042289 2042303
2018600001 2046242 2046256
2018600001 2047166 2047180
2018600001 2049766 2049780
2018600001 2052157 2052171
2018600001 2052948 2052962
2018600001 2057924 2057938
2018600001 2069745 2069759
2018600001 2070515 2070529
2018600001 2075422 2075436
2018600001 2076674 2076688
2018600001 2078382 2078396
2018600001 2103633 2103647
2018600001 2111386 2111400
2018600001 2118073 2118087
2018600001 2127045 2127059
2018600001 2129958 2129972
2018600001 2142912 2142926
2018600001 2144784 2144798
2018600001 2149191 2149205
2018600001 2152451 2152465
2018600001 2153120 2153134
2018600001 2164912 2164926
2018600001 2166601 2166615
2018600001 2167405 2167419
2018600001 2168330 2168344
2018600001 2176752 2176766
2018600001 2183709 2183723
2018600001 2202881 2202895
2018600001 2203540 2203554
2018600001 2205866 2205880
2018600001 2208310 2208324
2018600001 2209113 2209127
2018600001 2211394 2211408
2018600001 2216806 2216820
2018600001 2220727 2220741
2018600001 2222140 2222154
2018600001 2231108 2231122
2018600001 2231996 2232010
2018600001 2234779 2234793
2018600001 2243022 2243036
2018600001 2244696 2244710
2018600001 2257657 2257671
2018600001 2260644 2260658
2018600001 2264959 2264973
2018600001 2266009 2266023
2018600001 2266958 2266972
2018600001 2270771 2270785
2018600001 2274520 2274534
2018600001 2277377 2277391
2018600001 2278403 2278417
2018600001 2281628 2281642
2018600001 2283924 2283938
2018600001 2292920 2292934
2018600001 2292969 2292983
2018600001 2300896 2300910
2018600001 2311498 2311512
2018600001 2324938 2324952
2018600001 2325838 2325852
2018600001 2340870 2340884
2018600001 2342699 2342713
2018600001 2352937 2352951
2018600001 2353744 2353758
2018600001 2356594 2356608
2018600001 2363153 2363167
2018600001 2363393 2363407
2018600001 2369881 2369895
2018600001 2377208 2377222
2018600001 2379787 2379801
2018600001 2381432 2381446
2018600001 2386932 2386946
2018600001 2389852 2389866
2018600001 2390813 2390827
2018600001 2391272 2391286
2018600001 2394109 2394123
2018600001 2399920 2399934
2018600001 2403363 2403377
2018600001 2404557 2404571
2018600001 2406962 2406976
2018600001 2411560 2411574
2018600001 2420832 2420846
2018600001 2421102 2421116
2018600001 2425529 2425543
2018600001 2429646 2429660
2018600001 2431433 2431447
2018600001 2432462 2432476
2018600001 2456535 2456549
2018600001 2465585 2465599
2018600001 2472413 2472427
2018600001 2478622 2478636
2018600001 2492994 2493008
2018600001 2497258 2497272
2018600001 2499106 2499120
2018600001 2504444 2504458
2018600001 2506639 2506653
2018600001 2512517 2512531
2018600001 2513707 2513721
2018600001 2522086 2522100
2018600001 2526530 2526544
2018600001 2528332 2528346
2018600001 2529253 2529267
2018600001 2530564 2530578
2018600001 2534566 2534580
2018600001 2541883 2541897
2018600001 2541992 2542006
2018600001 2549174 2549188
2018600001 2561280 2561294
2018600001 2562903 2562917
2018600001 2563676 2563690
2018600001 2569086 2569100
2018600001 2570757 2570771
2018600001 2575372 2575386
2018600001 2575988 2576002
2018600001 2577781 2577795
2018600001 2579635 2579649
2018600001 2585624 2585638
2018600001 2586817 2586831
2018600001 2587223 2587237
2018600001 2590428 2590442
2018600001 2592809 2592823
2018600001 2595317 2595331
2018600001 2595522 2595536
2018600001 2610203 2610217
2018600001 2612160 2612174
2018600001 2620150 2620164
2018600001 2635015 2635029
2018600001 2649191 2649205
2018600001 2650555 2650569
2018600001 2656718 2656732
2018600001 2658554 2658568
2018600001 2679381 2679395
2018600001 2692271 2692285
2018600001 2692942 2692956
2018600001 2710051 2710065
2018600001 2710165 2710179
2018600001 2712169 2712183
2018600001 2717816 2717830
2018600001 2718811 2718825
2018600001 2720429 2720443
2018600001 2725355 2725369
2018600001 2730255 2730269
2018600001 2732076 2732090
2018600001 2735768 2735782
2018600001 2745970 2745984
2018600001 2761135 2761149
2018600001 2776374 2776388
2018600001 2780647 2780661
2018600001 2784898 2784912
2018600001 2795728 2795742
2018600001 2806242 2806256
2018600001 2806608 2806622
2018600001 2815504 2815518
2018600001 2821976 2821990
2018600001 2828806 2828820
2018600001 2832500 2832514
2018600001 2840165 2840179
2018600001 2844784 2844798
2018600001 2848755 2848769
2018600001 2849652 2849666
2018600001 2855009 2855023
2018600001 2860614 2860628
2018600001 2864050 2864064
2018600001 2879364 2879378
2018600001 2879944 2879958
2018600001 2883797 2883811
2018600001 2896779 2896793
2018600001 2910063 2910077
2018600001 2917287 2917301
2018600001 2923630 2923644
2018600001 2941606 2941620
2018600001 2943421 2943435
2018600001 2944250 2944264
2018600001 2949767 2949781
2018600001 2952340 2952354
2018600001 2956846 2956860
2018600001 2958043 2958057
2018600001 2959069 2959083
2018600001 2960635 2960649
2018600001 2962119 2962133
2018600001 2985630 2985644
2018600001 2986508 2986522
2018600001 2989092 2989106
2018600001 2990058 2990072
2018600001 2995144 2995158
2018600001 2997933 2997947
2018600001 3015466 3015480
2018600001 3023792 3023806
2018600001 3025555 3025569
2018600001 3030181 3030195
2018600002 5362 5376
2018600002 8496 8510
2018600002 15562 15576
2018600002 23006 23020
2018600002 36545 36559
2018600002 38750 38764
2018600002 42676 42690
2018600002 42712 42726
2018600002 45329 45343
2018600002 48272 48286
2018600002 51426 51440
2018600002 52628 52642
2018600002 53974 53988
2018600002 62744 62758
2018600002 70669 70683
2018600002 70694 70708
2018600002 76575 76589
2018600002 79246 79260
2018600002 99550 99564
2018600002 101431 101445
2018600002 102354 102368
2018600002 103424 103438
2018600002 105604 105618
2018600002 106388 106402
2018600002 123645 123659
2018600002 127191 127205
2018600002 127700 127714
2018600002 137600 137614
2018600002 144596 144610
2018600002 144966 144980
2018600002 150129 150143
2018600002 150973 150987
2018600002 168863 168877
2018600002 169151 169165
2018600002 180577 180591
2018600002 205036 205050
2018600002 208508 208522
2018600002 211466 211480
2018600002 212084 212098
2018600002 218552 218566
2018600002 224568 224582
2018600002 227973 227987
2018600002 228754 228768
2018600002 238929 238943
2018600002 239986 240000
2018600002 242774 242788
2018600002 243416 243430
2018600002 248915 248929
2018600002 251687 251701
2018600002 253462 253476
2018600002 255844 255858
2018600002 256784 256798
2018600002 275275 275289
2018600002 277373 277387
2018600002 287553 287567
2018600002 301130 301144
2018600002 309220 309234
2018600002 314496 314510
2018600002 315608 315622
2018600002 317012 317026
2018600002 326457 326471
2018600002 329136 329150
2018600002 332580 332594
2018600002 334709 334723
2018600002 337327 337341
2018600002 339385 339399
2018600002 340608 340622
2018600002 349578 349592
2018600002 352590 352604
2018600002 360413 360427
2018600002 364401 364415
2018600002 367492 367506
2018600002 371754 371768
2018600002 376370 376384
2018600002 377349 377363
2018600002 392816 392830
2018600002 394135 394149
2018600002 412147 412161
2018600002 416944 416958
2018600002 420584 420598
2018600002 424227 424241
2018600002 429863 429877
2018600002 437953 437967
2018600002 442097 442111
2018600002 444022 444036
2018600002 444865 444879
2018600002 449485 449499
2018600002 455887 455901
2018600002 460741 460755
2018600002 468512 468526
2018600002 472735 472749
2018600002 473222 473236
2018600002 479731 479745
2018600002 489079 489093
2018600002 491474 491488
2018600002 495278 495292
2018600002 498767 498781
2018600002 501272 501286
2018600002 514767 514781
2018600002 522123 522137
2018600002 527345 527359
2018600002 527439 527453
2018600002 527498 527512
2018600002 550412 550426
2018600002 551450 551464
2018600002 563758 563772
2018600002 564439 564453
2018600002 571668 571682
2018600002 585441 585455
2018600002 598210 598224
2018600002 599329 599343
2018600002 599864 599878
2018600002 604839 604853
2018600002 609663 609677
2018600002 612623 612637
2018600002 621882 621896
2018600002 622736 622750
2018600002 622791 622805
2018600002 624960 624974
2018600002 625148 625162
2018600002 629759 629773
2018600002 633658 633672
2018600002 633857 633871
2018600002 634995 635009
2018600002 639683 639697
2018600002 652159 652173
2018600002 654353 654367
2018600002 661569 661583
2018600002 682912 682926
2018600002 685619 685633
2018600002 697032 697046
2018600002 704683 704697
2018600002 708100 708114
2018600002 710669 710683
2018600002 715465 715479
2018600002 724383 724397
2018600002 724737 724751
2018600002 725535 725549
2018600002 734638 734652
2018600002 735219 735233
2018600002 735909 735923
2018600002 750159 750173
2018600002 750388 750402
2018600002 754995 755009
2018600002 757157 757171
2018600002 760874 760888
2018600002 765386 765400
2018600002 782278 782292
2018600002 797222 797236
2018600002 803498 803512
2018600002 804212 804226
2018600002 804744 804758
2018600002 810569 810583
2018600002 819581 819595
2018600002 822432 822446
2018600002 822504 822518
2018600002 824142 824156
2018600002 844737 844751
2018600002 850255 850269
2018600002 850808 850822
2018600002 859845 859859
2018600002 869196 869210
2018600002 873488 873502
2018600002 879349 879363
2018600002 882821 882835
2018600002 886720 886734
2018600002 889373 889387
2018600002 910276 910290
2018600002 910956 910970
2018600002 916869 916883
2018600002 922591 922605
2018600002 923326 923340
2018600002 949593 949607
2018600002 954392 954406
2018600002 954929 954943
2018600002 966808 966822
2018600002 967886 967900
2018600002 968192 968206
2018600002 974280 974294
2018600002 979887 979901
2018600002 985976 985990
2018600002 1001624 1001638
2018600002 1002665 1002679
2018600002 1010676 1010690
2018600002 1012203 1012217
2018600002 1017536 1017550
2018600002 1019229 1019243
2018600002 1019490 1019504
2018600002 1026321 1026335
2018600002 1026827 1026841
2018600002 1029013 1029027
2018600002 1029990 1030004
2018600002 1031644 1031658
2018600002 1038704 1038718
2018600002 1064907 1064921
2018600002 1072287 1072301
2018600002 1096553 1096567
2018600002 1098057 1098071
2018600002 1109514 1109528
2018600002 1114022 1114036
2018600002 1121603 1121617
2018600002 1135577 1135591
2018600002 1140106 1140120
2018600002 1141562 1141576
2018600002 1154985 1154999
2018600002 1155632 1155646
2018600002 1160220 1160234
2018600002 1162325 1162339
2018600002 1177287 1177301
2018600002 1219541 1219555
2018600002 1222475 1222489
2018600002 1227324 1227338
2018600002 1230357 1230371
