2018600001 25516 25528
2018600001 47099 47111
2018600001 53816 53828
2018600001 76894 76906
2018600001 135875 135887
2018600001 196387 196399
2018600001 210224 210236
2018600001 210240 210252
2018600001 213854 213866
2018600001 238176 238188
2018600001 279202 279214
2018600001 280901 280913
2018600001 296680 296692
2018600001 380950 380962
2018600001 382625 382637
2018600001 384590 384602
2018600001 416167 416179
2018600001 418876 418888
2018600001 427121 427133
2018600001 429901 429913
2018600001 472515 472527
2018600001 472545 472557
2018600001 479851 479863
2018600001 496204 496216
2018600001 544192 544204
2018600001 574386 574398
2018600001 609453 609465
2018600001 627659 627671
2018600001 642245 642257
2018600001 659282 659294
2018600001 660320 660332
2018600001 661299 661311
2018600001 672014 672026
2018600001 674282 674294
2018600001 685740 685752
2018600001 693540 693552
2018600001 699919 699931
2018600001 710180 710192
2018600001 746871 746883
2018600001 775571 775583
2018600001 793251 793263
2018600001 814105 814117
2018600001 839406 839418
2018600001 861891 861903
2018600001 902542 902554
2018600001 916766 916778
2018600001 938198 938210
2018600001 945427 945439
2018600001 956005 956017
2018600001 960922 960934
2018600001 963722 963734
2018600001 964415 964427
2018600001 971883 971895
2018600001 1007837 1007849
2018600001 1021057 1021069
2018600001 1047170 1047182
2018600001 1056195 1056207
2018600001 1056896 1056908
2018600001 1074088 1074100
2018600001 1084182 1084194
2018600001 1113163 1113175
2018600001 1127757 1127769
2018600001 1133266 1133278
2018600001 1135146 1135158
2018600001 1136436 1136448
2018600001 1150268 1150280
2018600001 1154904 1154916
2018600001 1163607 1163619
2018600001 1197076 1197088
2018600001 1201734 1201746
2018600001 1221432 1221444
2018600001 1222728 1222740
2018600001 1223239 1223251
2018600001 1258031 1258043
2018600001 1289041 1289053
2018600001 1292958 1292970
2018600001 1314829 1314841
2018600001 1349808 1349820
2018600001 1366456 1366468
2018600001 1379989 1380001
2018600001 1381339 1381351
2018600001 1387710 1387722
2018600001 1433536 1433548
2018600001 1442773 1442785
2018600001 1446783 1446795
2018600001 1510223 1510235
2018600001 1539892 1539904
2018600001 1545122 1545134
2018600001 1565685 1565697
2018600001 1590075 1590087
2018600001 1606068 1606080
2018600001 1608414 1608426
2018600001 1689898 1689910
2018600001 1698654 1698666
2018600001 1704463 1704475
2018600001 1721392 1721404
2018600001 1734609 1734621
2018600001 1738960 1738972
2018600001 1751127 1751139
2018600001 1781671 1781683
2018600001 1787445 1787457
2018600001 1828763 1828775
2018600001 1876758 1876770
2018600001 1900655 1900667
2018600001 1925972 1925984
2018600001 1945867 1945879
2018600001 1979530 1979542
2018600001 1997912 1997924
2018600001 2034079 2034091
2018600001 2037838 2037850
2018600001 2075962 2075974
2018600001 2093319 2093331
2018600001 2104918 2104930
2018600001 2107668 2107680
2018600001 2107843 2107855
2018600001 2133062 2133074
2018600001 2156348 2156360
2018600001 2200457 2200469
2018600001 2203244 2203256
2018600001 2263742 2263754
2018600001 2271397 2271409
2018600001 2281177 2281189
2018600001 2293731 2293743
2018600001 2297942 2297954
2018600001 2306277 2306289
2018600001 2320857 2320869
2018600001 2339338 2339350
2018600001 2340232 2340244
2018600001 2342135 2342147
2018600001 2348515 2348527
2018600001 2353857 2353869
2018600001 2396897 2396909
2018600001 2451299 2451311
2018600001 2456393 2456405
2018600001 2597128 2597140
2018600001 2599427 2599439
2018600001 2614343 2614355
2018600001 2629310 2629322
2018600001 2637927 2637939
2018600001 2655111 2655123
2018600001 2659671 2659683
2018600001 2663041 2663053
2018600001 2686848 2686860
2018600001 2745248 2745260
2018600001 2811918 2811930
2018600001 2821286 2821298
2018600001 2854154 2854166
2018600001 2868522 2868534
2018600001 2894604 2894616
2018600001 2896056 2896068
2018600001 2930610 2930622
2018600001 2945340 2945352
2018600001 2969377 2969389
2018600001 2978446 2978458
2018600001 2980601 2980613
2018600001 2989044 2989056
2018600001 3031689 3031701
2018600002 1036 1048
2018600002 9741 9753
2018600002 32124 32136
2018600002 67723 67735
2018600002 90637 90649
2018600002 96626 96638
2018600002 104613 104625
2018600002 116360 116372
2018600002 157174 157186
2018600002 159069 159081
2018600002 190352 190364
2018600002 195991 196003
2018600002 200355 200367
2018600002 209722 209734
2018600002 224133 224145
2018600002 251282 251294
2018600002 257136 257148
2018600002 286041 286053
2018600002 316139 316151
2018600002 328454 328466
2018600002 331044 331056
2018600002 385500 385512
2018600002 419625 419637
2018600002 421930 421942
2018600002 438400 438412
2018600002 456366 456378
2018600002 462649 462661
2018600002 472168 472180
2018600002 518755 518767
2018600002 542440 542452
2018600002 556428 556440
2018600002 565323 565335
2018600002 594080 594092
2018600002 640973 640985
2018600002 657271 657283
2018600002 663964 663976
2018600002 665980 665992
2018600002 674508 674520
2018600002 676598 676610
2018600002 737142 737154
2018600002 762664 762676
2018600002 776880 776892
2018600002 796572 796584
2018600002 801025 801037
2018600002 866965 866977
2018600002 881804 881816
2018600002 900283 900295
2018600002 940319 940331
2018600002 941459 941471
2018600002 1009723 1009735
2018600002 1018586 1018598
2018600002 1031756 1031768
2018600002 1035013 1035025
2018600002 1053325 1053337
2018600002 1072988 1073000
2018600002 1082384 1082396
2018600002 1095915 1095927
